#ToRs	Run1	Run2	Run3	Run4	Run5	Avg
1000	181	183	180	185	182	182.20000000000000000000	180	185
2000	353	350	349	353	356	352.20000000000000000000	349	356
3000	518	513	517	527	521	519.20000000000000000000	513	527
4000	697	684	701	694	701	695.40000000000000000000	684	701
5000	849	864	861	860	853	857.40000000000000000000	849	864
6000	1036	1027	1026	1008	1024	1024.20000000000000000000	1008	1036
7000	1210	1212	1188	1189	1202	1200.20000000000000000000	1188	1212
8000	1366	1346	1395	1373	1362	1368.40000000000000000000	1346	1395
9000	1513	1542	1538	1549	1536	1535.60000000000000000000	1513	1549
10000	1706	1725	1716	1695	1734	1715.20000000000000000000	1695	1734
