1 0.563000
2 0.600000
3 0.613000
4 0.667000
5 0.682000
6 0.693000
7 0.612000
8 0.593000
9 0.569000
10 0.615000
11 0.588000
12 0.595000
13 0.622000
14 0.663000
15 0.632000
16 0.630000
17 0.616000
18 0.670000
19 0.598000
20 0.607000
21 0.624000
22 0.636000
23 0.649000
24 0.620000
25 0.616000
26 0.611000
27 0.572000
28 0.582000
29 0.596000
30 0.609000
31 0.621000
32 0.592000
33 0.603000
34 0.621000
35 0.609000
36 0.628000
37 0.636000
38 0.567000
39 0.649000
40 0.587000
41 0.599000
42 0.642000
43 0.650000
44 0.621000
45 0.632000
46 0.585000
47 0.617000
48 0.560000
49 0.572000
50 0.625000
51 0.586000
52 0.600000
53 0.639000
54 0.649000
55 0.654000
56 0.651000
57 0.609000
58 0.580000
59 0.594000
60 0.600000
61 0.612000
62 0.628000
63 0.638000
64 0.619000
65 0.630000
66 0.637000
67 0.617000
68 0.622000
69 0.625000
70 0.615000
71 0.626000
72 0.599000
73 0.610000
74 0.607000
75 0.621000
76 0.560000
77 0.570000
78 0.587000
79 0.507000
80 0.608000
81 0.621000
82 0.618000
83 0.601000
84 0.655000
85 0.632000
86 0.637000
87 0.642000
88 0.613000
89 0.597000
90 0.563000
91 0.615000
92 0.628000
93 0.637000
94 0.650000
95 0.625000
96 0.643000
97 0.571000
98 0.582000
99 0.673000
100 0.609000
101 0.608000
102 0.586000
103 0.599000
104 0.616000
105 0.621000
106 0.634000
107 0.688000
108 0.576000
109 0.629000
110 0.599000
111 0.611000
112 0.621000
113 0.595000
114 0.607000
115 0.623000
116 0.615000
117 0.635000
118 0.605000
119 0.568000
120 0.653000
121 0.590000
122 0.603000
123 0.648000
124 0.615000
125 0.625000
126 0.637000
127 0.616000
128 0.570000
129 0.569000
130 0.620000
131 0.626000
132 0.666000
133 0.641000
134 0.649000
135 0.626000
136 0.602000
137 0.613000
138 0.616000
139 0.626000
140 0.593000
141 0.604000
142 0.616000
143 0.630000
144 0.642000
145 0.618000
146 0.626000
147 0.601000
148 0.614000
149 0.626000
150 0.621000
151 0.619000
152 0.613000
153 0.605000
154 0.607000
155 0.520000
156 0.586000
157 0.602000
158 0.618000
159 0.588000
160 0.601000
161 0.613000
162 0.601000
163 0.619000
164 0.618000
165 0.629000
166 0.631000
167 0.637000
168 0.577000
169 0.622000
170 0.558000
171 0.570000
172 0.618000
173 0.632000
174 0.646000
175 0.656000
176 0.632000
177 0.632000
178 0.576000
179 0.589000
180 0.553000
181 0.564000
182 0.575000
183 0.585000
184 0.643000
185 0.655000
186 0.611000
187 0.631000
188 0.528000
189 0.624000
190 0.636000
191 0.605000
192 0.610000
193 0.622000
194 0.595000
195 0.606000
196 0.659000
197 0.617000
198 0.640000
199 0.611000
200 0.613000
201 0.588000
202 0.594000
203 0.606000
204 0.641000
205 0.650000
206 0.626000
207 0.637000
208 0.610000
209 0.599000
210 0.563000
211 0.572000
212 0.627000
213 0.622000
214 0.634000
215 0.610000
216 0.576000
217 0.596000
218 0.586000
219 0.596000
220 0.624000
221 0.594000
222 0.604000
223 0.615000
224 0.629000
225 0.641000
226 0.616000
227 0.632000
228 0.598000
229 0.616000
230 0.626000
231 0.628000
232 0.600000
233 0.642000
234 0.643000
235 0.653000
236 0.572000
237 0.591000
238 0.603000
239 0.610000
240 0.589000
241 0.600000
242 0.611000
243 0.623000
244 0.616000
245 0.647000
246 0.659000
247 0.632000
248 0.632000
249 0.646000
250 0.622000
251 0.554000
252 0.568000
253 0.621000
254 0.632000
255 0.645000
256 0.655000
257 0.628000
258 0.626000
259 0.528000
260 0.540000
261 0.677000
262 0.658000
263 0.671000
264 0.629000
265 0.603000
266 0.652000
267 0.609000
268 0.637000
269 0.647000
270 0.623000
271 0.630000
272 0.599000
273 0.574000
274 0.622000
275 0.597000
276 0.606000
277 0.620000
278 0.616000
279 0.635000
280 0.605000
281 0.613000
282 0.577000
283 0.549000
284 0.596000
285 0.630000
286 0.682000
287 0.686000
288 0.688000
289 0.592000
290 0.638000
291 0.567000
292 0.580000
293 0.637000
294 0.617000
295 0.642000
296 0.635000
297 0.629000
298 0.609000
299 0.605000
300 0.555000
301 0.586000
302 0.600000
303 0.608000
304 0.623000
305 0.597000
306 0.658000
307 0.560000
308 0.562000
309 0.559000
310 0.604000
311 0.631000
312 0.683000
313 0.645000
314 0.627000
315 0.646000
316 0.619000
317 0.579000
318 0.668000
319 0.607000
320 0.620000
321 0.585000
322 0.606000
323 0.580000
324 0.597000
325 0.604000
326 0.653000
327 0.629000
328 0.637000
329 0.553000
330 0.634000
331 0.625000
332 0.558000
333 0.572000
334 0.587000
335 0.602000
336 0.608000
337 0.668000
338 0.634000
339 0.634000
340 0.579000
341 0.547000
342 0.597000
343 0.609000
344 0.622000
345 0.600000
346 0.646000
347 0.608000
348 0.620000
349 0.639000
350 0.573000
351 0.632000
352 0.601000
353 0.607000
354 0.587000
355 0.629000
356 0.611000
357 0.615000
358 0.617000
359 0.588000
360 0.600000
361 0.610000
362 0.613000
363 0.629000
364 0.601000
365 0.613000
366 0.648000
367 0.626000
368 0.637000
369 0.650000
370 0.604000
371 0.628000
372 0.573000
373 0.586000
374 0.639000
375 0.606000
376 0.610000
377 0.577000
378 0.634000
379 0.596000
380 0.609000
381 0.563000
382 0.593000
383 0.604000
384 0.580000
385 0.556000
386 0.557000
387 0.616000
388 0.640000
389 0.527000
390 0.611000
391 0.621000
392 0.622000
393 0.636000
394 0.630000
395 0.640000
396 0.648000
397 0.623000
398 0.562000
399 0.601000
400 0.615000
401 0.624000
402 0.585000
403 0.610000
404 0.621000
405 0.632000
406 0.616000
407 0.660000
408 0.640000
409 0.642000
410 0.592000
411 0.582000
412 0.593000
413 0.566000
414 0.584000
415 0.629000
416 0.642000
417 0.651000
418 0.637000
419 0.639000
420 0.602000
421 0.586000
422 0.629000
423 0.603000
424 0.616000
425 0.625000
426 0.602000
427 0.652000
428 0.662000
429 0.623000
430 0.527000
431 0.622000
432 0.634000
433 0.595000
434 0.558000
435 0.584000
436 0.636000
437 0.609000
438 0.614000
439 0.627000
440 0.598000
441 0.644000
442 0.622000
443 0.591000
444 0.712000
445 0.593000
446 0.614000
447 0.575000
448 0.632000
449 0.639000
450 0.613000
451 0.602000
452 0.616000
453 0.575000
454 0.587000
455 0.635000
456 0.628000
457 0.638000
458 0.627000
459 0.595000
460 0.606000
461 0.613000
462 0.561000
463 0.596000
464 0.607000
465 0.618000
466 0.635000
467 0.644000
468 0.626000
469 0.642000
470 0.612000
471 0.614000
472 0.629000
473 0.625000
474 0.635000
475 0.628000
476 0.651000
477 0.652000
478 0.624000
479 0.586000
480 0.562000
481 0.613000
482 0.621000
483 0.583000
484 0.559000
485 0.584000
486 0.593000
487 0.618000
488 0.625000
489 0.633000
490 0.648000
491 0.594000
492 0.644000
493 0.599000
494 0.569000
495 0.586000
496 0.634000
497 0.611000
498 0.615000
499 0.631000
500 0.681000
501 0.601000
502 0.667000
503 0.554000
504 0.729000
505 0.671000
506 0.678000
507 0.642000
508 0.568000
509 0.665000
510 0.636000
511 0.529000
512 0.578000
513 0.614000
514 0.599000
515 0.614000
516 0.575000
517 0.590000
518 0.565000
519 0.615000
520 0.622000
521 0.595000
522 0.647000
523 0.624000
524 0.590000
525 0.635000
526 0.609000
527 0.621000
528 0.643000
529 0.630000
530 0.612000
531 0.618000
532 0.602000
533 0.620000
534 0.584000
535 0.591000
536 0.642000
537 0.609000
538 0.632000
539 0.629000
540 0.603000
541 0.611000
542 0.626000
543 0.564000
544 0.601000
545 0.614000
546 0.625000
547 0.638000
548 0.631000
549 0.661000
550 0.599000
551 0.609000
552 0.616000
553 0.632000
554 0.622000
555 0.634000
556 0.621000
557 0.648000
558 0.653000
559 0.627000
560 0.590000
561 0.603000
562 0.617000
563 0.595000
564 0.587000
565 0.613000
566 0.625000
567 0.636000
568 0.615000
569 0.624000
570 0.634000
571 0.644000
572 0.602000
573 0.587000
574 0.597000
575 0.571000
576 0.582000
577 0.596000
578 0.645000
579 0.665000
580 0.636000
581 0.642000
582 0.604000
583 0.604000
584 0.557000
585 0.606000
586 0.574000
587 0.590000
588 0.603000
589 0.654000
590 0.667000
591 0.629000
592 0.530000
593 0.580000
594 0.637000
595 0.603000
596 0.576000
597 0.586000
598 0.591000
599 0.611000
600 0.618000
601 0.637000
602 0.599000
603 0.653000
604 0.620000
605 0.575000
606 0.603000
607 0.617000
608 0.620000
609 0.585000
610 0.642000
611 0.614000
612 0.621000
613 0.600000
614 0.627000
615 0.582000
616 0.597000
617 0.641000
618 0.610000
619 0.623000
620 0.629000
621 0.643000
622 0.568000
623 0.552000
624 0.605000
625 0.602000
626 0.615000
627 0.630000
628 0.639000
629 0.617000
630 0.664000
631 0.604000
632 0.615000
633 0.634000
634 0.627000
635 0.608000
636 0.642000
637 0.629000
638 0.651000
639 0.659000
640 0.624000
641 0.585000
642 0.570000
643 0.582000
644 0.512000
645 0.558000
646 0.619000
647 0.664000
648 0.643000
649 0.617000
650 0.666000
651 0.636000
652 0.621000
653 0.605000
654 0.589000
655 0.601000
656 0.610000
657 0.590000
658 0.641000
659 0.652000
660 0.663000
661 0.638000
662 0.648000
663 0.615000
664 0.614000
665 0.565000
666 0.614000
667 0.629000
668 0.638000
669 0.610000
670 0.535000
671 0.635000
672 0.628000
673 0.530000
674 0.639000
675 0.593000
676 0.606000
677 0.615000
678 0.631000
679 0.599000
680 0.607000
681 0.579000
682 0.589000
683 0.607000
684 0.653000
685 0.628000
686 0.596000
687 0.558000
688 0.567000
689 0.615000
690 0.629000
691 0.606000
692 0.613000
693 0.600000
694 0.613000
695 0.616000
696 0.571000
697 0.603000
698 0.639000
699 0.615000
700 0.625000
701 0.586000
702 0.537000
703 0.613000
704 0.551000
705 0.564000
706 0.626000
707 0.623000
708 0.633000
709 0.637000
710 0.619000
711 0.696000
712 0.576000
713 0.651000
714 0.623000
715 0.636000
716 0.603000
717 0.593000
718 0.588000
719 0.651000
720 0.620000
721 0.624000
722 0.593000
723 0.610000
724 0.624000
725 0.594000
726 0.593000
727 0.618000
728 0.640000
729 0.640000
730 0.617000
731 0.631000
732 0.640000
733 0.626000
734 0.622000
735 0.596000
736 0.605000
737 0.582000
738 0.594000
739 0.640000
740 0.652000
741 0.632000
742 0.634000
743 0.653000
744 0.616000
745 0.555000
746 0.569000
747 0.614000
748 0.626000
749 0.635000
750 0.610000
751 0.594000
752 0.630000
753 0.527000
754 0.539000
755 0.636000
756 0.599000
757 0.582000
758 0.622000
759 0.633000
760 0.608000
761 0.626000
762 0.620000
763 0.593000
764 0.606000
765 0.619000
766 0.597000
767 0.598000
768 0.613000
769 0.619000
770 0.620000
771 0.634000
772 0.606000
773 0.613000
774 0.596000
775 0.606000
776 0.618000
777 0.593000
778 0.602000
779 0.638000
780 0.615000
781 0.626000
782 0.648000
783 0.607000
784 0.577000
785 0.604000
786 0.581000
787 0.615000
788 0.626000
789 0.601000
790 0.571000
791 0.584000
792 0.641000
793 0.610000
794 0.585000
795 0.632000
796 0.626000
797 0.639000
798 0.656000
799 0.633000
800 0.659000
801 0.626000
802 0.631000
803 0.580000
804 0.624000
805 0.555000
806 0.606000
807 0.598000
808 0.627000
809 0.640000
810 0.610000
811 0.625000
812 0.634000
813 0.618000
814 0.636000
815 0.627000
816 0.600000
817 0.614000
818 0.621000
819 0.606000
820 0.649000
821 0.661000
822 0.633000
823 0.610000
824 0.574000
825 0.624000
826 0.561000
827 0.575000
828 0.622000
829 0.637000
830 0.647000
831 0.627000
832 0.634000
833 0.640000
834 0.568000
835 0.548000
836 0.559000
837 0.608000
838 0.621000
839 0.632000
840 0.613000
841 0.606000
842 0.619000
843 0.632000
844 0.577000
845 0.601000
846 0.630000
847 0.606000
848 0.607000
849 0.650000
850 0.625000
851 0.627000
852 0.548000
853 0.610000
854 0.624000
855 0.597000
856 0.567000
857 0.608000
858 0.598000
859 0.605000
860 0.542000
861 0.573000
862 0.629000
863 0.641000
864 0.567000
865 0.580000
866 0.568000
867 0.582000
868 0.620000
869 0.631000
870 0.638000
871 0.621000
872 0.633000
873 0.644000
874 0.582000
875 0.587000
876 0.612000
877 0.633000
878 0.646000
879 0.650000
880 0.563000
881 0.580000
882 0.633000
883 0.595000
884 0.595000
885 0.611000
886 0.594000
887 0.606000
888 0.591000
889 0.629000
890 0.600000
891 0.603000
892 0.591000
893 0.646000
894 0.622000
895 0.634000
896 0.574000
897 0.562000
898 0.615000
899 0.625000
900 0.606000
901 0.651000
902 0.627000
903 0.678000
904 0.622000
905 0.662000
906 0.598000
907 0.596000
908 0.613000
909 0.626000
910 0.636000
911 0.651000
912 0.622000
913 0.551000
914 0.643000
915 0.566000
916 0.578000
917 0.592000
918 0.606000
919 0.616000
920 0.628000
921 0.610000
922 0.607000
923 0.625000
924 0.628000
925 0.600000
926 0.611000
927 0.630000
928 0.599000
929 0.639000
930 0.646000
931 0.622000
932 0.626000
933 0.640000
934 0.616000
935 0.593000
936 0.639000
937 0.611000
938 0.621000
939 0.605000
940 0.609000
941 0.638000
942 0.626000
943 0.600000
944 0.606000
945 0.573000
946 0.586000
947 0.573000
948 0.584000
949 0.627000
950 0.637000
951 0.634000
952 0.652000
953 0.632000
954 0.648000
955 0.583000
956 0.588000
957 0.614000
958 0.650000
959 0.647000
960 0.650000
961 0.627000
962 0.650000
963 0.632000
964 0.604000
965 0.606000
966 0.592000
967 0.598000
968 0.607000
969 0.608000
970 0.633000
971 0.646000
972 0.605000
973 0.546000
974 0.638000
975 0.622000
976 0.634000
977 0.561000
978 0.602000
979 0.611000
980 0.590000
981 0.598000
982 0.608000
983 0.624000
984 0.640000
985 0.644000
986 0.571000
987 0.622000
988 0.562000
989 0.606000
990 0.620000
991 0.600000
992 0.605000
993 0.617000
994 0.596000
995 0.640000
996 0.568000
997 0.550000
998 0.548000
999 0.571000
1000 0.618000
1001 0.628000
1002 0.609000
1003 0.609000
1004 0.616000
1005 0.625000
1006 0.603000
1007 0.613000
1008 0.627000
1009 0.612000
1010 0.600000
1011 0.611000
1012 0.627000
1013 0.585000
1014 0.611000
1015 0.627000
1016 0.601000
1017 0.620000
1018 0.617000
1019 0.623000
1020 0.641000
1021 0.617000
1022 0.601000
1023 0.583000
1024 0.558000
1025 0.565000
1026 0.577000
1027 0.541000
1028 0.649000
1029 0.589000
1030 0.672000
1031 0.640000
1032 0.645000
1033 0.648000
1034 0.691000
1035 0.684000
1036 0.658000
1037 0.594000
1038 0.615000
1039 0.620000
1040 0.647000
1041 0.653000
1042 0.612000
1043 0.639000
1044 0.593000
1045 0.604000
1046 0.591000
1047 0.588000
1048 0.598000
1049 0.612000
1050 0.613000
1051 0.766000
1052 0.653000
1053 0.660000
1054 0.681000
1055 0.644000
1056 0.657000
1057 0.645000
1058 0.563000
1059 0.608000
1060 0.619000
1061 0.600000
1062 0.622000
1063 0.654000
1064 0.666000
1065 0.637000
1066 0.620000
1067 0.629000
1068 0.589000
1069 0.599000
1070 0.608000
1071 0.633000
1072 0.638000
1073 0.650000
1074 0.628000
1075 0.645000
1076 0.604000
1077 0.544000
1078 0.582000
1079 0.598000
1080 0.614000
1081 0.626000
1082 0.636000
1083 0.561000
1084 0.568000
1085 0.579000
1086 0.561000
1087 0.608000
1088 0.617000
1089 0.635000
1090 0.606000
1091 0.646000
1092 0.649000
1093 0.621000
1094 0.517000
1095 0.608000
1096 0.619000
1097 0.632000
1098 0.617000
1099 0.619000
1100 0.618000
1101 0.637000
1102 0.615000
1103 0.638000
1104 0.631000
1105 0.643000
1106 0.654000
1107 0.582000
1108 0.595000
1109 0.613000
1110 0.591000
1111 0.632000
1112 0.643000
1113 0.647000
1114 0.659000
1115 0.638000
1116 0.649000
1117 0.619000
1118 0.592000
1119 0.617000
1120 0.636000
1121 0.645000
1122 0.636000
1123 0.570000
1124 0.642000
1125 0.638000
1126 0.565000
1127 0.617000
1128 0.591000
1129 0.610000
1130 0.613000
1131 0.638000
1132 0.639000
1133 0.615000
1134 0.611000
1135 0.630000
1136 0.617000
1137 0.634000
1138 0.666000
1139 0.576000
1140 0.607000
1141 0.621000
1142 0.631000
1143 0.663000
1144 0.620000
1145 0.667000
1146 0.677000
1147 0.601000
1148 0.664000
1149 0.590000
1150 0.571000
1151 0.578000
1152 0.627000
1153 0.640000
1154 0.650000
1155 0.628000
1156 0.638000
1157 0.602000
1158 0.547000
1159 0.583000
1160 0.601000
1161 0.615000
1162 0.624000
1163 0.637000
1164 0.620000
1165 0.617000
1166 0.626000
1167 0.595000
1168 0.609000
1169 0.619000
1170 0.633000
1171 0.608000
1172 0.651000
1173 0.621000
1174 0.628000
1175 0.559000
1176 0.595000
1177 0.627000
1178 0.609000
1179 0.617000
1180 0.632000
1181 0.627000
1182 0.615000
1183 0.616000
1184 0.625000
1185 0.639000
1186 0.604000
1187 0.615000
1188 0.629000
1189 0.597000
1190 0.617000
1191 0.630000
1192 0.595000
1193 0.664000
1194 0.620000
1195 0.595000
1196 0.605000
1197 0.608000
1198 0.589000
1199 0.601000
1200 0.625000
1201 0.624000
1202 0.591000
1203 0.649000
1204 0.613000
1205 0.631000
1206 0.600000
1207 0.573000
1208 0.625000
1209 0.595000
1210 0.608000
1211 0.623000
1212 0.635000
1213 0.645000
1214 0.655000
1215 0.625000
1216 0.587000
1217 0.647000
1218 0.640000
1219 0.593000
1220 0.581000
1221 0.613000
1222 0.593000
1223 0.561000
1224 0.625000
1225 0.625000
1226 0.639000
1227 0.624000
1228 0.630000
1229 0.586000
1230 0.598000
1231 0.609000
1232 0.621000
1233 0.636000
1234 0.648000
1235 0.617000
1236 0.638000
1237 0.560000
1238 0.610000
1239 0.583000
1240 0.561000
1241 0.575000
1242 0.621000
1243 0.629000
1244 0.642000
1245 0.618000
1246 0.622000
1247 0.595000
1248 0.606000
1249 0.624000
1250 0.635000
1251 0.643000
1252 0.619000
1253 0.648000
1254 0.753000
1255 0.592000
1256 0.562000
1257 0.592000
1258 0.625000
1259 0.640000
1260 0.613000
1261 0.627000
1262 0.623000
1263 0.618000
1264 0.614000
1265 0.628000
1266 0.638000
1267 0.607000
1268 0.581000
1269 0.592000
1270 0.607000
1271 0.589000
1272 0.633000
1273 0.638000
1274 0.653000
1275 0.621000
1276 0.636000
1277 0.646000
1278 0.628000
1279 0.589000
1280 0.599000
1281 0.623000
1282 0.648000
1283 0.657000
1284 0.646000
1285 0.626000
1286 0.633000
1287 0.571000
1288 0.575000
1289 0.591000
1290 0.600000
1291 0.614000
1292 0.625000
1293 0.642000
1294 0.646000
1295 0.627000
1296 0.590000
1297 0.545000
1298 0.597000
1299 0.648000
1300 0.596000
1301 0.593000
1302 0.626000
1303 0.631000
1304 0.642000
1305 0.638000
1306 0.627000
1307 0.639000
1308 0.625000
1309 0.647000
1310 0.591000
1311 0.610000
1312 0.613000
1313 0.625000
1314 0.640000
1315 0.653000
1316 0.625000
1317 0.627000
1318 0.566000
1319 0.579000
1320 0.589000
1321 0.568000
1322 0.613000
1323 0.580000
1324 0.589000
1325 0.603000
1326 0.573000
1327 0.591000
1328 0.560000
1329 0.612000
1330 0.587000
1331 0.628000
1332 0.650000
1333 0.664000
1334 0.645000
1335 0.650000
1336 0.628000
1337 0.525000
1338 0.565000
1339 0.621000
1340 0.598000
1341 0.615000
1342 0.611000
1343 0.620000
1344 0.605000
1345 0.608000
1346 0.618000
1347 0.631000
1348 0.641000
1349 0.612000
1350 0.587000
1351 0.599000
1352 0.607000
1353 0.592000
1354 0.596000
1355 0.649000
1356 0.634000
1357 0.650000
1358 0.637000
1359 0.648000
1360 0.584000
1361 0.590000
1362 0.616000
1363 0.639000
1364 0.650000
1365 0.654000
1366 0.612000
1367 0.649000
1368 0.632000
1369 0.569000
1370 0.617000
1371 0.586000
1372 0.600000
1373 0.607000
1374 0.639000
1375 0.633000
1376 0.645000
1377 0.619000
1378 0.630000
1379 0.614000
1380 0.629000
1381 0.642000
1382 0.578000
1383 0.605000
1384 0.621000
1385 0.628000
1386 0.660000
1387 0.655000
1388 0.667000
1389 0.647000
1390 0.635000
1391 0.663000
1392 0.591000
1393 0.599000
1394 0.614000
1395 0.625000
1396 0.638000
1397 0.610000
1398 0.545000
1399 0.571000
1400 0.604000
1401 0.574000
1402 0.584000
1403 0.601000
1404 0.615000
1405 0.626000
1406 0.637000
1407 0.613000
1408 0.622000
1409 0.626000
1410 0.600000
1411 0.611000
1412 0.624000
1413 0.638000
1414 0.616000
1415 0.617000
1416 0.629000
1417 0.556000
1418 0.569000
1419 0.590000
1420 0.733000
1421 0.613000
1422 0.622000
1423 0.628000
1424 0.604000
1425 0.611000
1426 0.622000
1427 0.636000
1428 0.609000
1429 0.615000
1430 0.629000
1431 0.599000
1432 0.610000
1433 0.626000
1434 0.638000
1435 0.642000
1436 0.656000
1437 0.629000
1438 0.641000
1439 0.607000
1440 0.627000
1441 0.599000
1442 0.577000
1443 0.614000
1444 0.654000
1445 0.642000
1446 0.646000
1447 0.565000
1448 0.596000
1449 0.572000
1450 0.580000
1451 0.556000
1452 0.599000
1453 0.572000
1454 0.584000
1455 0.615000
1456 0.651000
1457 0.663000
1458 0.673000
1459 0.653000
1460 0.632000
1461 0.588000
1462 0.598000
1463 0.589000
1464 0.624000
1465 0.638000
1466 0.644000
1467 0.668000
1468 0.632000
1469 0.634000
1470 0.628000
1471 0.585000
1472 0.603000
1473 0.610000
1474 0.618000
1475 0.632000
1476 0.652000
1477 0.656000
1478 0.629000
1479 0.557000
1480 0.569000
1481 0.621000
1482 0.587000
1483 0.602000
1484 0.615000
1485 0.627000
1486 0.642000
1487 0.652000
1488 0.621000
1489 0.601000
1490 0.559000
1491 0.576000
1492 0.630000
1493 0.642000
1494 0.615000
1495 0.592000
1496 0.619000
1497 0.599000
1498 0.546000
1499 0.533000
1500 0.538000
1501 0.607000
1502 0.618000
1503 0.636000
1504 0.624000
1505 0.599000
1506 0.617000
1507 0.625000
1508 0.638000
1509 0.608000
1510 0.583000
1511 0.593000
1512 0.584000
1513 0.630000
1514 0.628000
1515 0.641000
1516 0.633000
1517 0.656000
1518 0.638000
1519 0.603000
1520 0.619000
1521 0.588000
1522 0.559000
1523 0.614000
1524 0.621000
1525 0.635000
1526 0.650000
1527 0.657000
1528 0.531000
1529 0.563000
1530 0.577000
1531 0.541000
1532 0.558000
1533 0.604000
1534 0.588000
1535 0.640000
1536 0.626000
1537 0.655000
1538 0.639000
1539 0.637000
1540 0.574000
1541 0.640000
1542 0.595000
1543 0.608000
1544 0.592000
1545 0.630000
1546 0.641000
1547 0.652000
1548 0.637000
1549 0.644000
1550 0.641000
1551 0.634000
1552 0.591000
1553 0.604000
1554 0.615000
1555 0.623000
1556 0.637000
1557 0.618000
1558 0.662000
1559 0.633000
1560 0.614000
1561 0.577000
1562 0.591000
1563 0.569000
1564 0.608000
1565 0.623000
1566 0.590000
1567 0.616000
1568 0.657000
1569 0.625000
1570 0.601000
1571 0.566000
1572 0.581000
1573 0.642000
1574 0.645000
1575 0.622000
1576 0.632000
1577 0.623000
1578 0.599000
1579 0.561000
1580 0.576000
1581 0.600000
1582 0.623000
1583 0.619000
1584 0.633000
1585 0.632000
1586 0.605000
1587 0.619000
1588 0.635000
1589 0.609000
1590 0.615000
1591 0.626000
1592 0.596000
1593 0.601000
1594 0.579000
1595 0.594000
1596 0.602000
1597 0.617000
1598 0.665000
1599 0.681000
1600 0.647000
1601 0.572000
1602 0.618000
1603 0.603000
1604 0.614000
1605 0.623000
1606 0.653000
1607 0.648000
1608 0.645000
1609 0.566000
1610 0.567000
1611 0.579000
1612 0.591000
1613 0.565000
1614 0.610000
1615 0.627000
1616 0.636000
1617 0.629000
1618 0.617000
1619 0.628000
1620 0.601000
1621 0.611000
1622 0.586000
1623 0.599000
1624 0.611000
1625 0.596000
1626 0.605000
1627 0.654000
1628 0.619000
1629 0.636000
1630 0.646000
1631 0.631000
1632 0.584000
1633 0.557000
1634 0.567000
1635 0.620000
1636 0.628000
1637 0.640000
1638 0.619000
1639 0.632000
1640 0.638000
1641 0.629000
1642 0.582000
1643 0.591000
1644 0.571000
1645 0.614000
1646 0.629000
1647 0.600000
1648 0.652000
1649 0.625000
1650 0.635000
1651 0.613000
1652 0.575000
1653 0.545000
1654 0.643000
1655 0.651000
1656 0.624000
1657 0.594000
1658 0.625000
1659 0.686000
1660 0.568000
1661 0.580000
1662 0.613000
1663 0.618000
1664 0.626000
1665 0.642000
1666 0.634000
1667 0.613000
1668 0.625000
1669 0.596000
1670 0.607000
1671 0.618000
1672 0.626000
1673 0.604000
1674 0.597000
1675 0.643000
1676 0.640000
1677 0.651000
1678 0.678000
1679 0.643000
1680 0.645000
1681 0.615000
1682 0.608000
1683 0.625000
1684 0.611000
1685 0.622000
1686 0.593000
1687 0.649000
1688 0.648000
1689 0.650000
1690 0.585000
1691 0.576000
1692 0.540000
1693 0.549000
1694 0.568000
1695 0.626000
1696 0.632000
1697 0.644000
1698 0.624000
1699 0.628000
1700 0.636000
1701 0.615000
1702 0.575000
1703 0.551000
1704 0.569000
1705 0.639000
1706 0.595000
1707 0.642000
1708 0.654000
1709 0.623000
1710 0.625000
1711 0.647000
1712 0.627000
1713 0.589000
1714 0.598000
1715 0.614000
1716 0.623000
1717 0.633000
1718 0.610000
1719 0.615000
1720 0.631000
1721 0.612000
1722 0.624000
1723 0.584000
1724 0.594000
1725 0.573000
1726 0.614000
1727 0.632000
1728 0.610000
1729 0.586000
1730 0.620000
1731 0.597000
1732 0.610000
1733 0.579000
1734 0.587000
1735 0.645000
1736 0.614000
1737 0.626000
1738 0.637000
1739 0.631000
1740 0.606000
1741 0.581000
1742 0.581000
1743 0.607000
1744 0.621000
1745 0.627000
1746 0.551000
1747 0.563000
1748 0.534000
1749 0.582000
1750 0.557000
1751 0.564000
1752 0.582000
1753 0.593000
1754 0.607000
1755 0.609000
1756 0.631000
1757 0.610000
1758 0.611000
1759 0.623000
1760 0.634000
1761 0.645000
1762 0.619000
1763 0.602000
1764 0.626000
1765 0.574000
1766 0.557000
1767 0.594000
1768 0.658000
1769 0.688000
1770 0.694000
1771 1.525000
1772 0.538000
1773 0.619000
1774 0.593000
1775 0.562000
1776 0.619000
1777 0.628000
1778 0.638000
1779 0.619000
1780 0.628000
1781 0.638000
1782 0.605000
1783 0.596000
1784 0.591000
1785 0.604000
1786 0.624000
1787 0.608000
1788 0.638000
1789 0.650000
1790 0.619000
1791 0.665000
1792 0.648000
1793 0.632000
1794 0.608000
1795 0.597000
1796 0.612000
1797 0.622000
1798 0.629000
1799 0.608000
1800 0.620000
1801 0.629000
1802 0.617000
1803 0.595000
1804 0.539000
1805 0.592000
1806 0.600000
1807 0.616000
1808 0.629000
1809 0.604000
1810 0.653000
1811 0.614000
1812 0.609000
1813 0.604000
1814 0.622000
1815 0.563000
1816 0.604000
1817 0.575000
1818 0.628000
1819 0.640000
1820 0.635000
1821 0.603000
1822 0.573000
1823 0.544000
1824 0.599000
1825 0.654000
1826 0.667000
1827 0.650000
1828 0.642000
1829 0.622000
1830 0.628000
1831 0.601000
1832 0.614000
1833 0.624000
1834 0.598000
1835 0.608000
1836 0.614000
1837 0.628000
1838 0.644000
1839 0.612000
1840 0.626000
1841 0.641000
1842 0.647000
1843 0.624000
1844 0.606000
1845 0.628000
1846 0.612000
1847 0.586000
1848 0.593000
1849 0.653000
1850 0.645000
1851 0.634000
1852 0.592000
1853 0.573000
1854 0.585000
1855 0.597000
1856 0.578000
1857 0.619000
1858 0.631000
1859 0.643000
1860 0.620000
1861 0.772000
1862 0.681000
1863 0.651000
1864 0.618000
1865 0.592000
1866 0.605000
1867 0.619000
1868 0.606000
1869 0.605000
1870 0.653000
1871 0.625000
1872 0.576000
1873 0.651000
1874 0.633000
1875 0.590000
1876 0.600000
1877 0.621000
1878 0.626000
1879 0.636000
1880 0.613000
1881 0.630000
1882 0.634000
1883 0.619000
1884 0.631000
1885 0.587000
1886 0.600000
1887 0.611000
1888 0.624000
1889 0.637000
1890 0.606000
1891 0.617000
1892 0.633000
1893 0.601000
1894 0.615000
1895 0.582000
1896 0.594000
1897 0.609000
1898 0.579000
1899 0.634000
1900 0.605000
1901 0.602000
1902 0.618000
1903 0.583000
1904 0.554000
1905 0.585000
1906 0.582000
1907 0.642000
1908 0.642000
1909 0.616000
1910 0.586000
1911 0.596000
1912 0.609000
1913 0.620000
1914 0.591000
1915 0.603000
1916 0.616000
1917 0.620000
1918 0.645000
1919 0.607000
1920 0.620000
1921 0.633000
1922 0.645000
1923 0.616000
1924 0.630000
1925 0.619000
1926 0.621000
1927 0.618000
1928 0.591000
1929 0.602000
1930 0.657000
1931 0.662000
1932 0.599000
1933 0.590000
1934 0.586000
1935 0.564000
1936 0.562000
1937 0.575000
1938 0.586000
1939 0.645000
1940 0.651000
1941 0.622000
1942 0.619000
1943 0.608000
1944 0.620000
1945 0.561000
1946 0.600000
1947 0.617000
1948 0.626000
1949 0.610000
1950 0.649000
1951 0.660000
1952 0.630000
1953 0.586000
1954 0.576000
1955 0.587000
1956 0.598000
1957 0.610000
1958 0.623000
1959 0.656000
1960 0.648000
1961 0.617000
1962 0.629000
1963 0.612000
1964 0.650000
1965 0.582000
1966 0.558000
1967 0.633000
1968 0.592000
1969 0.593000
1970 0.643000
1971 0.615000
1972 0.629000
1973 0.597000
1974 0.607000
1975 0.625000
1976 0.588000
1977 0.600000
1978 0.616000
1979 0.628000
1980 0.639000
1981 0.646000
1982 0.607000
1983 0.619000
1984 0.583000
1985 0.594000
1986 0.616000
1987 0.622000
1988 0.640000
1989 0.643000
1990 0.619000
1991 0.593000
1992 0.599000
1993 0.610000
1994 0.625000
1995 0.594000
1996 0.604000
1997 0.617000
1998 0.623000
1999 0.602000
2000 0.652000
2001 0.624000
2002 0.602000
2003 0.605000
2004 0.620000
2005 0.598000
2006 0.596000
2007 0.608000
2008 0.583000
2009 0.599000
2010 0.608000
2011 0.657000
2012 0.591000
2013 0.605000
2014 0.577000
2015 0.583000
2016 0.594000
2017 0.607000
2018 0.586000
2019 0.632000
2020 0.646000
2021 0.619000
2022 0.590000
2023 0.612000
2024 0.653000
2025 0.579000
2026 0.584000
2027 0.607000
2028 0.623000
2029 0.644000
2030 0.628000
2031 0.649000
2032 0.660000
2033 0.594000
2034 0.593000
2035 0.669000
2036 0.586000
2037 0.560000
2038 0.570000
2039 0.626000
2040 0.637000
2041 0.593000
2042 0.628000
2043 0.632000
2044 0.616000
2045 0.576000
2046 0.589000
2047 0.597000
2048 0.644000
2049 0.581000
2050 0.631000
2051 0.644000
2052 0.588000
2053 0.630000
2054 0.601000
2055 0.618000
2056 0.633000
2057 0.594000
2058 0.602000
2059 0.620000
2060 0.632000
2061 0.602000
2062 0.616000
2063 0.579000
2064 0.682000
2065 0.658000
2066 0.582000
2067 0.570000
2068 0.618000
2069 0.634000
2070 0.641000
2071 0.644000
2072 0.621000
2073 0.627000
2074 0.602000
2075 0.615000
2076 0.631000
2077 0.605000
2078 0.609000
2079 0.605000
2080 0.640000
2081 0.603000
2082 0.616000
2083 0.627000
2084 0.643000
2085 0.610000
2086 0.591000
2087 0.591000
2088 0.631000
2089 0.613000
2090 0.588000
2091 0.623000
2092 0.654000
2093 0.648000
2094 0.593000
2095 0.569000
2096 0.627000
2097 0.583000
2098 0.594000
2099 0.606000
2100 0.623000
2101 0.567000
2102 0.575000
2103 0.549000
2104 0.542000
2105 0.580000
2106 0.565000
2107 0.468000
2108 0.498000
2109 0.539000
2110 0.574000
2111 0.545000
2112 0.584000
2113 0.570000
2114 0.533000
2115 0.545000
2116 0.559000
2117 0.575000
2118 0.540000
2119 0.556000
2120 0.546000
2121 0.553000
2122 0.556000
2123 0.519000
2124 0.578000
2125 0.609000
2126 0.592000
2127 0.571000
2128 0.541000
2129 0.552000
2130 0.480000
2131 0.488000
2132 0.538000
2133 0.557000
2134 0.563000
2135 0.564000
2136 0.550000
2137 0.565000
2138 0.537000
2139 0.508000
2140 0.516000
2141 0.531000
2142 0.546000
2143 0.559000
2144 0.549000
2145 0.541000
2146 0.509000
2147 0.472000
2148 0.532000
2149 0.545000
2150 0.556000
2151 0.532000
2152 0.541000
2153 0.549000
2154 0.525000
2155 0.494000
2156 0.546000
2157 0.568000
2158 0.530000
2159 0.539000
2160 0.513000
2161 0.566000
2162 0.575000
2163 0.543000
2164 0.553000
2165 0.592000
2166 0.610000
2167 0.596000
2168 0.599000
2169 0.574000
2170 0.551000
2171 0.524000
2172 0.524000
2173 0.582000
2174 0.542000
2175 0.565000
2176 0.530000
2177 0.582000
2178 0.594000
2179 0.604000
2180 0.580000
2181 0.626000
2182 0.649000
2183 0.653000
2184 0.621000
2185 0.637000
2186 0.647000
2187 0.621000
2188 0.575000
2189 0.643000
2190 0.613000
2191 0.594000
2192 0.621000
2193 0.649000
2194 0.662000
2195 0.601000
2196 0.591000
2197 0.632000
2198 0.588000
2199 0.559000
2200 0.567000
2201 0.625000
2202 0.637000
2203 0.611000
2204 0.619000
2205 0.632000
2206 0.616000
2207 0.634000
2208 0.581000
2209 0.558000
2210 0.569000
2211 0.583000
2212 0.634000
2213 0.645000
2214 0.618000
2215 0.582000
2216 0.644000
2217 0.572000
2218 0.629000
2219 0.593000
2220 0.612000
2221 0.618000
2222 0.628000
2223 0.643000
2224 0.619000
2225 0.618000
2226 0.604000
2227 0.593000
2228 0.604000
2229 0.706000
2230 0.678000
2231 0.605000
2232 0.622000
2233 0.626000
2234 0.675000
2235 0.667000
2236 3.039000
2237 2.450000
2238 1.455000
2239 0.568000
2240 0.545000
2241 0.703000
2242 0.579000
2243 0.621000
2244 0.460000
2245 0.585000
2246 0.628000
2247 0.583000
2248 0.588000
2249 0.569000
2250 0.513000
2251 0.845000
2252 0.480000
2253 0.674000
2254 0.889000
2255 0.478000
2256 0.555000
2257 0.519000
2258 0.814000
2259 0.524000
2260 0.898000
2261 0.450000
2262 0.489000
2263 0.616000
2264 0.657000
2265 0.741000
2266 0.475000
2267 0.632000
2268 0.618000
2269 0.702000
2270 0.586000
2271 0.503000
2272 0.796000
2273 0.761000
2274 0.518000
2275 0.771000
2276 1.056000
2277 0.512000
2278 0.807000
2279 0.682000
2280 0.809000
2281 0.779000
2282 0.737000
2283 0.653000
2284 1.069000
2285 0.904000
2286 0.620000
2287 1.017000
2288 0.856000
2289 0.593000
2290 0.999000
2291 0.735000
2292 0.864000
2293 1.218000
2294 0.915000
2295 0.495000
2296 0.532000
2297 0.420000
2298 0.504000
2299 0.529000
2300 0.620000
2301 0.629000
2302 0.620000
2303 0.631000
2304 0.626000
2305 0.546000
2306 0.658000
2307 0.584000
2308 0.583000
2309 0.585000
2310 0.635000
2311 0.592000
2312 0.671000
2313 0.636000
2314 0.610000
2315 0.592000
2316 0.628000
2317 0.587000
2318 0.677000
2319 0.588000
2320 0.632000
2321 0.585000
2322 0.682000
2323 0.622000
2324 0.624000
2325 0.633000
2326 0.637000
2327 0.636000
2328 0.631000
2329 0.606000
2330 0.654000
2331 0.488000
2332 0.581000
2333 0.625000
2334 0.626000
2335 0.582000
2336 0.584000
2337 1.540000
2338 0.782000
2339 0.789000
2340 0.494000
2341 0.457000
2342 0.992000
2343 0.756000
2344 0.716000
2345 0.457000
2346 0.495000
2347 0.872000
2348 0.757000
2349 1.281000
2350 0.807000
2351 0.917000
2352 0.704000
2353 0.891000
2354 0.609000
2355 0.833000
2356 0.582000
2357 0.796000
2358 1.069000
2359 1.184000
2360 0.962000
2361 1.087000
2362 0.678000
2363 0.755000
2364 0.879000
2365 1.055000
2366 1.179000
2367 0.674000
2368 0.798000
2369 0.893000
2370 1.030000
2371 0.914000
2372 0.421000
2373 0.421000
2374 0.516000
2375 0.479000
2376 0.538000
2377 0.593000
2378 0.546000
2379 0.546000
2380 0.624000
2381 0.584000
2382 0.585000
2383 0.583000
2384 0.640000
2385 0.545000
2386 0.587000
2387 0.620000
2388 0.589000
2389 0.545000
2390 0.636000
2391 0.584000
2392 0.542000
2393 0.580000
2394 0.542000
2395 0.576000
2396 0.492000
2397 0.606000
2398 0.543000
2399 0.540000
2400 0.582000
2401 0.499000
2402 0.586000
2403 0.532000
2404 0.574000
2405 0.538000
2406 0.537000
2407 0.575000
2408 0.496000
2409 0.535000
2410 0.448000
2411 0.616000
2412 0.547000
2413 0.546000
2414 0.650000
2415 0.583000
2416 0.633000
2417 0.507000
2418 0.544000
2419 0.583000
2420 0.546000
2421 0.637000
2422 0.580000
2423 0.637000
2424 0.583000
2425 0.529000
2426 0.637000
2427 0.591000
2428 0.587000
2429 0.584000
2430 0.643000
2431 0.579000
2432 0.584000
2433 0.633000
2434 0.581000
2435 0.569000
2436 0.535000
2437 2.494000
2438 1.498000
2439 0.957000
2440 1.157000
2441 1.181000
2442 0.675000
2443 0.900000
2444 1.612000
2445 1.327000
2446 1.309000
2447 1.545000
2448 1.542000
2449 1.759000
2450 1.189000
2451 1.186000
2452 1.915000
2453 1.422000
2454 1.651000
2455 1.876000
2456 1.836000
2457 2.029000
2458 2.020000
2459 1.546000
2460 1.776000
2461 1.758000
2462 1.963000
2463 1.957000
2464 1.933000
2465 0.937000
2466 0.684000
2467 0.496000
2468 0.456000
2469 0.492000
2470 0.605000
2471 0.577000
2472 0.628000
2473 0.615000
2474 0.611000
2475 0.615000
2476 0.615000
2477 0.611000
2478 0.605000
2479 0.628000
2480 0.599000
2481 0.534000
2482 0.626000
2483 0.575000
2484 0.651000
2485 0.619000
2486 0.654000
2487 0.541000
2488 0.506000
2489 0.603000
2490 0.543000
2491 0.577000
2492 0.579000
2493 0.584000
2494 0.585000
2495 0.620000
2496 0.580000
2497 0.514000
2498 0.622000
2499 0.545000
2500 0.576000
2501 0.538000
2502 0.631000
2503 0.581000
2504 0.579000
2505 0.541000
2506 0.581000
2507 0.618000
2508 0.541000
2509 0.639000
2510 0.547000
2511 0.547000
2512 0.594000
2513 0.507000
2514 0.643000
2515 0.545000
2516 0.648000
2517 0.549000
2518 0.590000
2519 0.634000
2520 0.549000
2521 0.623000
2522 0.536000
2523 0.661000
2524 0.555000
2525 0.548000
2526 0.649000
2527 0.553000
2528 0.626000
2529 0.531000
2530 0.536000
2531 0.577000
2532 0.548000
2533 0.580000
2534 0.587000
2535 0.617000
2536 1.417000
2537 3.587000
2538 2.590000
2539 2.544000
2540 2.036000
2541 2.249000
2542 1.772000
2543 1.975000
2544 1.969000
2545 2.175000
2546 2.177000
2547 2.406000
2548 2.334000
2549 2.585000
2550 2.833000
2551 2.315000
2552 1.317000
2553 2.534000
2554 2.747000
2555 2.211000
2556 1.213000
2557 0.468000
2558 0.534000
2559 3.799000
2560 3.019000
2561 2.534000
2562 1.538000
2563 2.208000
2564 1.209000
2565 2.425000
2566 1.925000
2567 0.930000
2568 0.674000
2569 0.425000
2570 0.459000
2571 0.453000
2572 0.548000
2573 0.546000
2574 0.548000
2575 0.553000
2576 0.589000
2577 0.551000
2578 0.548000
2579 0.583000
2580 0.583000
2581 0.590000
2582 0.586000
2583 0.588000
2584 0.637000
2585 0.546000
2586 0.590000
2587 0.624000
2588 0.552000
2589 0.552000
2590 0.638000
2591 0.588000
2592 0.551000
2593 0.548000
2594 0.558000
2595 0.547000
2596 0.590000
2597 0.540000
2598 0.631000
2599 0.582000
2600 0.550000
2601 0.584000
2602 0.541000
2603 0.541000
2604 0.536000
2605 0.584000
2606 0.595000
2607 0.585000
2608 0.586000
2609 0.517000
2610 0.556000
2611 0.546000
2612 0.552000
2613 0.548000
2614 0.601000
2615 0.624000
2616 0.588000
2617 0.524000
2618 0.549000
2619 0.583000
2620 0.584000
2621 0.588000
2622 0.624000
2623 0.588000
2624 0.587000
2625 0.588000
2626 0.614000
2627 0.583000
2628 0.547000
2629 0.644000
2630 0.632000
2631 0.628000
2632 0.630000
2633 0.543000
2634 0.585000
2635 0.653000
2636 4.684000
2637 3.687000
2638 3.419000
2639 2.920000
2640 2.912000
2641 3.120000
2642 2.614000
2643 2.832000
2644 2.324000
2645 3.025000
2646 2.538000
2647 3.214000
2648 3.180000
2649 2.935000
2650 3.001000
2651 3.187000
2652 3.149000
2653 2.713000
2654 2.888000
2655 3.589000
2656 3.072000
2657 3.302000
2658 3.296000
2659 3.538000
2660 3.508000
2661 3.680000
2662 3.013000
2663 2.009000
2664 1.012000
2665 0.707000
2666 0.580000
2667 0.701000
2668 0.546000
2669 0.752000
2670 0.586000
2671 0.661000
2672 0.713000
2673 0.717000
2674 0.626000
2675 0.620000
2676 0.585000
2677 0.552000
2678 0.716000
2679 0.633000
2680 0.631000
2681 0.633000
2682 0.632000
2683 0.745000
2684 0.622000
2685 0.637000
2686 0.635000
2687 0.748000
2688 0.749000
2689 0.588000
2690 0.553000
2691 0.591000
2692 0.587000
2693 0.629000
2694 0.585000
2695 0.619000
2696 0.668000
2697 0.550000
2698 0.584000
2699 0.578000
2700 0.577000
2701 0.551000
2702 0.629000
2703 0.586000
2704 0.627000
2705 0.538000
2706 0.590000
2707 0.628000
2708 0.550000
2709 0.556000
2710 0.613000
2711 0.545000
2712 0.590000
2713 0.656000
2714 0.636000
2715 0.573000
2716 0.629000
2717 0.588000
2718 0.792000
2719 0.631000
2720 0.764000
2721 0.589000
2722 0.651000
2723 0.544000
2724 0.666000
2725 0.594000
2726 0.593000
2727 0.554000
2728 0.651000
2729 0.507000
2730 0.589000
2731 0.545000
2732 0.531000
2733 0.585000
2734 0.549000
2735 0.555000
2736 5.816000
2737 4.820000
2738 3.825000
2739 3.253000
2740 3.511000
2741 3.464000
2742 3.718000
2743 3.181000
2744 3.902000
2745 3.378000
2746 3.615000
2747 3.592000
2748 3.802000
2749 3.798000
2750 4.001000
2751 4.000000
2752 3.706000
2753 3.710000
2754 3.917000
2755 3.922000
2756 4.126000
2757 4.112000
2758 4.322000
2759 4.319000
2760 4.536000
2761 4.019000
2762 3.298000
2763 2.301000
2764 1.303000
2765 0.534000
2766 0.503000
2767 0.546000
2768 0.462000
2769 0.517000
2770 0.515000
2771 0.527000
2772 0.549000
2773 0.554000
2774 0.550000
2775 0.588000
2776 0.639000
2777 0.556000
2778 0.549000
2779 0.547000
2780 0.572000
2781 0.507000
2782 0.588000
2783 0.588000
2784 0.547000
2785 0.510000
2786 0.548000
2787 0.584000
2788 0.546000
2789 0.548000
2790 0.588000
2791 0.587000
2792 0.652000
2793 0.507000
2794 0.541000
2795 0.614000
2796 0.538000
2797 0.504000
2798 0.645000
2799 0.544000
2800 0.548000
2801 0.549000
2802 0.549000
2803 0.630000
2804 0.549000
2805 0.595000
2806 0.586000
2807 0.662000
2808 0.553000
2809 0.532000
2810 0.634000
2811 0.547000
2812 0.582000
2813 0.545000
2814 0.632000
2815 0.586000
2816 0.654000
2817 0.545000
2818 0.549000
2819 0.630000
2820 0.544000
2821 0.644000
2822 0.554000
2823 0.647000
2824 0.586000
2825 0.531000
2826 0.620000
2827 0.548000
2828 0.619000
2829 0.548000
2830 0.649000
2831 0.544000
2832 0.649000
2833 0.549000
2834 0.541000
2835 0.578000
2836 0.541000
2837 6.429000
2838 5.434000
2839 4.437000
2840 4.422000
2841 4.646000
2842 4.632000
2843 4.839000
2844 4.798000
2845 4.550000
2846 4.549000
2847 4.751000
2848 5.467000
2849 5.469000
2850 4.935000
2851 5.167000
2852 5.150000
2853 5.594000
2854 5.364000
2855 5.040000
2856 5.779000
2857 5.275000
2858 5.242000
2859 5.493000
2860 5.483000
2861 4.961000
2862 3.962000
2863 2.965000
2864 1.970000
2865 0.974000
2866 0.676000
2867 0.529000
2868 0.391000
2869 0.515000
2870 0.525000
2871 0.539000
2872 0.616000
2873 0.533000
2874 0.589000
2875 0.572000
2876 0.487000
2877 0.495000
2878 0.584000
2879 0.627000
2880 0.583000
2881 0.544000
2882 0.547000
2883 0.616000
2884 0.542000
2885 0.544000
2886 0.631000
2887 0.603000
2888 0.548000
2889 0.515000
2890 0.628000
2891 0.539000
2892 0.540000
2893 0.543000
2894 0.544000
2895 0.604000
2896 0.544000
2897 0.526000
2898 0.583000
2899 0.541000
2900 0.545000
2901 0.539000
2902 0.541000
2903 0.580000
2904 0.582000
2905 0.495000
2906 0.544000
2907 0.496000
2908 0.492000
2909 0.596000
2910 0.549000
2911 0.550000
2912 0.624000
2913 0.497000
2914 0.547000
2915 0.586000
2916 0.549000
2917 0.549000
2918 0.631000
2919 0.589000
2920 0.650000
2921 0.543000
2922 0.583000
2923 0.578000
2924 0.585000
2925 0.550000
2926 0.626000
2927 0.623000
2928 0.622000
2929 0.532000
2930 0.588000
2931 0.546000
2932 0.551000
2933 0.550000
2934 0.619000
2935 0.620000
2936 4.542000
2937 6.733000
2938 6.183000
2939 5.930000
2940 5.920000
2941 5.672000
2942 5.656000
2943 5.876000
2944 5.372000
2945 5.332000
2946 6.051000
2947 5.555000
2948 5.782000
2949 5.769000
2950 5.960000
2951 6.174000
2952 6.186000
2953 5.678000
2954 5.900000
2955 5.889000
2956 6.092000
2957 6.073000
2958 6.303000
2959 6.571000
2960 5.576000
2961 4.579000
2962 3.583000
2963 2.585000
2964 1.574000
2965 0.575000
2966 0.526000
2967 0.515000
2968 0.426000
2969 0.549000
2970 0.532000
2971 0.497000
2972 0.543000
2973 0.519000
2974 0.589000
2975 0.548000
2976 0.602000
2977 0.521000
2978 0.648000
2979 0.583000
2980 0.658000
2981 0.554000
2982 0.662000
2983 0.591000
2984 0.590000
2985 0.627000
2986 0.554000
2987 0.583000
2988 0.584000
2989 0.592000
2990 0.592000
2991 0.589000
2992 0.592000
2993 0.517000
2994 0.587000
2995 0.582000
2996 0.546000
2997 0.634000
2998 0.556000
2999 0.636000
3000 0.586000
3001 0.518000
3002 0.616000
3003 0.550000
3004 0.557000
3005 0.550000
3006 0.596000
3007 0.557000
3008 0.645000
3009 0.553000
3010 0.559000
3011 0.585000
3012 0.546000
3013 0.613000
3014 0.552000
3015 0.627000
3016 0.596000
3017 0.536000
3018 0.618000
3019 0.554000
3020 0.628000
3021 0.552000
3022 0.638000
3023 0.551000
3024 0.650000
3025 0.547000
3026 0.588000
3027 0.616000
3028 0.542000
3029 0.640000
3030 0.589000
3031 0.636000
3032 0.584000
3033 0.531000
3034 0.623000
3035 0.549000
3036 0.621000
3037 8.420000
3038 7.425000
3039 6.902000
3040 6.377000
3041 6.603000
3042 6.817000
3043 6.321000
3044 6.289000
3045 6.528000
3046 6.503000
3047 6.720000
3048 6.717000
3049 6.925000
3050 6.433000
3051 7.143000
3052 6.640000
3053 6.831000
3054 6.831000
3055 7.044000
3056 6.555000
3057 6.777000
3058 6.766000
3059 6.966000
3060 6.204000
3061 5.208000
3062 4.211000
3063 3.208000
3064 2.211000
3065 1.214000
3066 0.714000
3067 0.541000
3068 0.425000
3069 0.468000
3070 0.676000
3071 0.626000
3072 0.615000
3073 0.594000
3074 0.553000
3075 0.681000
3076 0.551000
3077 0.594000
3078 0.680000
3079 0.641000
3080 0.641000
3081 0.553000
3082 0.557000
3083 0.653000
3084 0.585000
3085 0.618000
3086 0.656000
3087 0.637000
3088 0.592000
3089 0.551000
3090 0.584000
3091 0.548000
3092 0.551000
3093 0.548000
3094 0.553000
3095 0.586000
3096 0.584000
3097 0.547000
3098 0.547000
3099 0.489000
3100 0.581000
3101 0.544000
3102 0.589000
3103 0.593000
3104 0.636000
3105 0.634000
3106 0.649000
3107 0.560000
3108 0.548000
3109 0.627000
3110 0.647000
3111 0.595000
3112 0.501000
3113 0.561000
3114 0.594000
3115 0.553000
3116 0.554000
3117 0.599000
3118 0.595000
3119 0.597000
3120 0.649000
3121 0.552000
3122 0.554000
3123 0.587000
3124 0.584000
3125 0.584000
3126 0.588000
3127 0.620000
3128 0.631000
3129 0.533000
3130 0.551000
3131 0.551000
3132 0.551000
3133 0.551000
3134 0.555000
3135 0.595000
3136 5.616000
3137 8.543000
3138 7.546000
3139 7.009000
3140 7.192000
3141 7.190000
3142 7.427000
3143 7.427000
3144 7.664000
3145 7.653000
3146 7.839000
3147 7.839000
3148 7.548000
3149 7.552000
3150 7.779000
3151 7.768000
3152 7.491000
3153 7.964000
3154 7.679000
3155 8.185000
3156 7.903000
3157 7.875000
3158 7.412000
3159 6.413000
3160 5.406000
3161 4.409000
3162 3.412000
3163 2.413000
3164 1.422000
3165 0.586000
3166 0.429000
3167 0.504000
3168 0.431000
3169 0.426000
3170 0.529000
3171 0.496000
3172 0.589000
3173 0.597000
3174 0.630000
3175 0.589000
3176 0.640000
3177 0.557000
3178 0.534000
3179 0.557000
3180 0.544000
3181 0.640000
3182 0.596000
3183 0.598000
3184 0.595000
3185 0.548000
3186 0.532000
3187 0.590000
3188 0.549000
3189 0.594000
3190 0.554000
3191 0.611000
3192 0.549000
3193 0.530000
3194 0.593000
3195 0.528000
3196 0.532000
3197 0.617000
3198 0.547000
3199 0.546000
3200 0.616000
3201 0.501000
3202 0.530000
3203 0.553000
3204 0.546000
3205 0.506000
3206 0.592000
3207 0.551000
3208 0.593000
3209 0.502000
3210 0.533000
3211 0.551000
3212 0.544000
3213 0.551000
3214 0.551000
3215 0.593000
3216 0.582000
3217 0.529000
3218 0.551000
3219 0.551000
3220 0.585000
3221 0.550000
3222 0.654000
3223 0.612000
3224 0.592000
3225 0.540000
3226 0.646000
3227 0.543000
3228 0.545000
3229 0.641000
3230 0.545000
3231 0.608000
3232 0.546000
3233 0.526000
3234 0.594000
3235 0.546000
3236 0.533000
3237 9.795000
3238 8.798000
3239 8.254000
3240 8.001000
3241 7.981000
3242 8.693000
3243 8.685000
3244 8.418000
3245 8.399000
3246 8.625000
3247 8.586000
3248 8.801000
3249 8.804000
3250 8.547000
3251 8.504000
3252 8.000000
3253 8.198000
3254 8.187000
3255 8.438000
3256 8.669000
3257 8.641000
3258 7.932000
3259 6.936000
3260 5.938000
3261 4.940000
3262 3.943000
3263 2.947000
3264 1.945000
3265 0.947000
3266 0.881000
3267 0.459000
3268 0.409000
3269 0.407000
3270 0.505000
3271 0.469000
3272 0.554000
3273 0.526000
3274 0.533000
3275 0.586000
3276 0.547000
3277 0.515000
3278 0.627000
3279 0.551000
3280 0.634000
3281 0.501000
3282 0.503000
3283 0.545000
3284 0.492000
3285 0.549000
3286 0.552000
3287 0.548000
3288 0.548000
3289 0.528000
3290 0.550000
3291 0.550000
3292 0.489000
3293 0.547000
3294 0.542000
3295 0.543000
3296 0.554000
3297 0.497000
3298 0.504000
3299 0.584000
3300 0.495000
3301 0.494000
3302 0.589000
3303 0.536000
3304 0.557000
3305 0.493000
3306 0.595000
3307 0.459000
3308 0.448000
3309 0.531000
3310 0.541000
3311 0.544000
3312 0.535000
3313 0.545000
3314 0.548000
3315 0.533000
3316 0.548000
3317 0.530000
3318 0.550000
3319 0.590000
3320 0.586000
3321 0.546000
3322 0.543000
3323 0.576000
3324 0.544000
3325 0.545000
3326 0.584000
3327 0.586000
3328 0.586000
3329 0.546000
3330 0.585000
3331 0.533000
3332 0.547000
3333 0.546000
3334 0.588000
3335 0.587000
3336 0.595000
3337 10.189000
3338 9.708000
3339 8.712000
3340 8.926000
3341 8.925000
3342 8.423000
3343 8.639000
3344 8.625000
3345 8.841000
3346 9.550000
3347 9.033000
3348 9.016000
3349 9.186000
3350 9.447000
3351 9.418000
3352 8.910000
3353 9.145000
3354 9.357000
3355 9.362000
3356 9.321000
3357 9.105000
3358 8.107000
3359 7.108000
3360 6.111000
3361 5.114000
3362 4.116000
3363 3.118000
3364 2.122000
3365 1.124000
3366 0.787000
3367 0.450000
3368 0.488000
3369 0.536000
3370 0.583000
3371 0.670000
3372 0.547000
3373 0.551000
3374 0.636000
3375 0.633000
3376 0.670000
3377 0.589000
3378 0.613000
3379 0.623000
3380 0.707000
3381 0.719000
3382 0.763000
3383 0.614000
3384 0.637000
3385 0.679000
3386 0.638000
3387 0.748000
3388 0.583000
3389 0.786000
3390 0.613000
3391 0.613000
3392 0.610000
3393 0.673000
3394 0.615000
3395 0.677000
3396 0.581000
3397 0.590000
3398 0.713000
3399 0.610000
3400 0.718000
3401 0.553000
3402 0.533000
3403 0.659000
3404 0.555000
3405 0.630000
3406 0.561000
3407 0.678000
3408 0.521000
3409 0.553000
3410 0.506000
3411 0.552000
3412 0.535000
3413 0.538000
3414 0.562000
3415 0.596000
3416 0.595000
3417 0.532000
3418 0.563000
3419 0.650000
3420 0.626000
3421 0.557000
3422 0.631000
3423 0.646000
3424 0.711000
3425 0.523000
3426 0.550000
3427 0.547000
3428 0.620000
3429 0.520000
3430 0.591000
3431 0.655000
3432 0.554000
3433 0.532000
3434 0.537000
3435 0.623000
3436 0.552000
3437 10.809000
3438 10.597000
3439 9.600000
3440 9.558000
3441 9.256000
3442 9.254000
3443 9.466000
3444 9.489000
3445 9.677000
3446 9.680000
3447 9.899000
3448 9.875000
3449 10.084000
3450 10.072000
3451 9.812000
3452 9.808000
3453 10.027000
3454 10.000000
3455 10.178000
3456 10.214000
3457 9.219000
3458 8.221000
3459 7.225000
3460 6.228000
3461 5.230000
3462 4.231000
3463 3.235000
3464 2.233000
3465 1.237000
3466 0.681000
3467 0.457000
3468 0.541000
3469 0.506000
3470 0.556000
3471 0.553000
3472 0.560000
3473 0.595000
3474 0.555000
3475 0.623000
3476 0.553000
3477 0.553000
3478 0.598000
3479 0.557000
3480 0.619000
3481 0.555000
3482 0.634000
3483 0.558000
3484 0.658000
3485 0.553000
3486 0.641000
3487 0.553000
3488 0.554000
3489 0.616000
3490 0.549000
3491 0.580000
3492 0.583000
3493 0.591000
3494 0.587000
3495 0.586000
3496 0.588000
3497 0.520000
3498 0.551000
3499 0.583000
3500 0.553000
3501 0.635000
3502 0.554000
3503 0.641000
3504 0.557000
3505 0.527000
3506 0.595000
3507 0.521000
3508 0.581000
3509 0.564000
3510 0.651000
3511 0.555000
3512 0.553000
3513 0.596000
3514 0.598000
3515 0.555000
3516 0.555000
3517 0.550000
3518 0.555000
3519 0.659000
3520 0.615000
3521 0.548000
3522 0.551000
3523 0.526000
3524 0.576000
3525 0.644000
3526 0.641000
3527 0.638000
3528 0.594000
3529 0.590000
3530 0.549000
3531 0.583000
3532 0.550000
3533 0.594000
3534 0.600000
3535 0.628000
3536 4.420000
3537 11.716000
3538 10.719000
3539 10.190000
3540 10.190000
3541 10.431000
3542 11.128000
3543 10.622000
3544 10.650000
3545 10.844000
3546 10.341000
3547 10.565000
3548 10.550000
3549 10.766000
3550 10.775000
3551 10.950000
3552 10.969000
3553 10.713000
3554 11.159000
3555 10.474000
3556 9.477000
3557 8.479000
3558 7.481000
3559 6.482000
3560 5.476000
3561 4.478000
3562 3.478000
3563 2.483000
3564 1.486000
3565 0.677000
3566 0.515000
3567 0.515000
3568 0.510000
3569 0.495000
3570 0.536000
3571 0.500000
3572 0.542000
3573 0.531000
3574 0.560000
3575 0.620000
3576 0.555000
3577 0.536000
3578 0.532000
3579 0.587000
3580 0.498000
3581 0.520000
3582 0.625000
3583 0.552000
3584 0.544000
3585 0.621000
3586 0.559000
3587 0.451000
3588 0.492000
3589 0.555000
3590 0.541000
3591 0.598000
3592 0.540000
3593 0.472000
3594 0.551000
3595 0.449000
3596 0.559000
3597 0.490000
3598 0.593000
3599 0.535000
3600 0.545000
3601 0.539000
3602 0.479000
3603 0.554000
3604 0.473000
3605 0.495000
3606 0.534000
3607 0.543000
3608 0.551000
3609 0.495000
3610 0.548000
3611 0.458000
3612 0.567000
3613 0.507000
3614 0.548000
3615 0.510000
3616 0.543000
3617 0.531000
3618 0.493000
3619 0.536000
3620 0.562000
3621 0.555000
3622 0.548000
3623 0.594000
3624 0.590000
3625 0.550000
3626 0.753000
3627 0.580000
3628 0.645000
3629 0.562000
3630 0.642000
3631 0.591000
3632 0.575000
3633 0.555000
3634 0.558000
3635 0.537000
3636 0.554000
3637 11.981000
3638 11.953000
3639 11.424000
3640 11.156000
3641 11.134000
3642 10.596000
3643 10.899000
3644 11.556000
3645 11.557000
3646 11.783000
3647 11.258000
3648 11.194000
3649 11.005000
3650 10.973000
3651 11.172000
3652 11.170000
3653 11.369000
3654 11.366000
3655 11.129000
3656 10.131000
3657 9.133000
3658 8.134000
3659 7.137000
3660 6.139000
3661 5.144000
3662 4.147000
3663 3.152000
3664 2.155000
3665 1.144000
3666 0.564000
3667 0.432000
3668 0.494000
3669 0.430000
3670 0.506000
3671 0.470000
3672 0.471000
3673 0.558000
3674 0.563000
3675 0.645000
3676 0.559000
3677 0.565000
3678 0.656000
3679 0.597000
3680 0.633000
3681 0.551000
3682 0.594000
3683 0.664000
3684 0.537000
3685 0.532000
3686 0.554000
3687 0.553000
3688 0.635000
3689 0.551000
3690 0.497000
3691 0.559000
3692 0.518000
3693 0.553000
3694 0.550000
3695 0.556000
3696 0.551000
3697 0.525000
3698 0.521000
3699 0.555000
3700 0.503000
3701 0.566000
3702 0.558000
3703 0.555000
3704 0.564000
3705 0.524000
3706 0.558000
3707 0.526000
3708 0.526000
3709 0.518000
3710 0.560000
3711 0.553000
3712 0.557000
3713 0.519000
3714 0.554000
3715 0.536000
3716 0.581000
3717 0.532000
3718 0.556000
3719 0.552000
3720 0.555000
3721 0.556000
3722 0.554000
3723 0.545000
3724 0.576000
3725 0.548000
3726 0.625000
3727 0.589000
3728 0.626000
3729 0.619000
3730 0.532000
3731 0.551000
3732 0.581000
3733 0.553000
3734 0.569000
3735 0.638000
3736 2.852000
3737 12.926000
3738 11.930000
3739 11.615000
3740 11.562000
3741 11.806000
3742 11.798000
3743 12.008000
3744 11.500000
3745 11.712000
3746 12.192000
3747 11.937000
3748 11.422000
3749 11.406000
3750 11.634000
3751 11.855000
3752 11.808000
3753 12.593000
3754 11.590000
3755 10.592000
3756 9.594000
3757 8.595000
3758 7.596000
3759 6.600000
3760 5.600000
3761 4.603000
3762 3.604000
3763 2.606000
3764 1.608000
3765 0.611000
3766 0.522000
3767 0.429000
3768 0.510000
3769 0.489000
3770 0.533000
3771 0.553000
3772 0.577000
3773 0.593000
3774 0.615000
3775 0.590000
3776 0.549000
3777 0.530000
3778 0.576000
3779 0.534000
3780 0.528000
3781 0.546000
3782 0.557000
3783 0.634000
3784 0.555000
3785 0.548000
3786 0.594000
3787 0.549000
3788 0.620000
3789 0.529000
3790 0.646000
3791 0.549000
3792 0.649000
3793 0.585000
3794 0.586000
3795 0.637000
3796 0.573000
3797 0.625000
3798 0.594000
3799 0.645000
3800 0.585000
3801 0.585000
3802 0.649000
3803 0.524000
3804 0.619000
3805 0.551000
3806 0.588000
3807 0.630000
3808 0.584000
3809 0.607000
3810 0.548000
3811 0.652000
3812 0.518000
3813 0.642000
3814 0.553000
3815 0.588000
3816 0.625000
3817 0.553000
3818 0.564000
3819 0.499000
3820 0.579000
3821 0.552000
3822 0.618000
3823 0.628000
3824 0.623000
3825 0.628000
3826 0.540000
3827 0.651000
3828 0.523000
3829 0.534000
3830 0.556000
3831 0.596000
3832 0.596000
3833 0.538000
3834 0.557000
3835 0.626000
3836 0.527000
3837 13.930000
3838 13.141000
3839 12.147000
3840 12.623000
3841 12.349000
3842 84.898003









































































































































































































































































































































































































































































































































































































































































































































































































































































































































































































































































4876 1.578000
4877 1.010000
4878 0.923000
4879 1.041000
4880 0.982000
4881 0.930000
4882 0.968000
4883 0.942000
4884 0.971000
4885 0.980000
4886 0.875000
4887 0.818000
4888 0.926000
4889 0.862000
4890 0.999000
4891 0.924000
4892 0.980000
4893 0.971000
4894 0.864000
4895 0.828000
4896 0.944000
4897 0.915000
4898 0.856000
4899 0.768000
4900 0.934000
4901 0.914000
4902 0.847000
4903 0.852000
4904 0.972000
4905 0.903000
4906 0.871000
4907 0.836000
4908 0.917000
4909 0.925000
4910 0.867000
4911 0.787000
4912 0.970000
4913 0.946000
4914 0.811000
4915 0.858000
4916 0.890000
4917 0.888000
4918 0.823000
4919 0.742000
4920 0.915000
4921 0.862000
4922 0.751000
4923 0.843000
4924 0.873000
4925 0.802000
4926 0.770000
4927 0.856000
4928 0.812000
4929 0.815000
4930 0.821000
4931 0.822000
4932 0.784000
4933 0.752000
4934 0.788000
4935 0.796000
4936 0.894000
4937 0.898000
4938 0.921000
4939 0.814000
4940 0.874000
4941 0.875000
4942 0.845000
4943 0.812000
4944 0.882000
4945 0.884000
4946 0.812000
4947 0.796000
4948 0.872000
4949 0.837000
4950 0.844000
4951 0.800000
4952 0.881000
4953 0.801000
4954 0.809000
4955 0.796000
4956 0.834000
4957 0.837000
4958 0.809000
4959 0.754000
4960 0.923000
4961 0.912000
4962 0.815000
4963 0.833000
4964 0.870000
4965 0.899000
4966 0.915000
4967 0.797000
4968 0.910000
4969 0.915000
4970 0.921000
4971 0.841000
4972 0.879000
4973 0.881000
4974 0.763000
4975 0.851000
4976 0.890000
4977 0.851000
4978 0.846000
4979 0.850000
4980 0.888000
4981 0.856000
4982 0.836000
4983 0.828000
4984 0.897000
4985 0.857000
4986 0.832000
4987 0.862000
4988 0.861000
4989 0.863000
4990 0.889000
4991 0.825000
4992 0.894000
4993 0.854000
4994 0.883000
4995 0.848000
4996 0.846000
4997 0.893000
4998 0.808000
4999 0.853000
5000 0.893000
