#ToRs	Run1	Run2	Run3	Run4	Run5	Avg
1000	187	185	186	196	184	187.60000000000000000000	184	196
2000	357	355	353	355	353	354.60000000000000000000	353	357
3000	517	521	519	517	522	519.20000000000000000000	517	522
4000	690	685	686	691	693	689.00000000000000000000	685	693
5000	853	870	863	875	860	864.20000000000000000000	853	875
6000	1023	1033	1037	1026	1028	1029.40000000000000000000	1023	1037
7000	1202	1200	1179	1198	1199	1195.60000000000000000000	1179	1202
8000	1363	1364	1364	1388	1388	1373.40000000000000000000	1363	1388
9000	1531	1528	1540	1538	1524	1532.20000000000000000000	1524	1540
10000	1713	1699	1707	1704	1713	1707.20000000000000000000	1699	1713
