1 0.573000
2 0.609000
3 0.535000
4 0.510000
5 0.568000
6 0.574000
7 0.573000
8 0.569000
9 0.574000
10 0.567000
11 0.580000
12 0.544000
13 0.570000
14 0.572000
15 0.621000
16 0.589000
17 0.585000
18 0.489000
19 0.534000
20 0.531000
21 0.542000
22 0.624000
23 0.569000
24 0.579000
25 0.584000
26 0.592000
27 0.539000
28 0.484000
29 0.542000
30 0.535000
31 0.618000
32 0.552000
33 0.550000
34 0.529000
35 0.581000
36 0.547000
37 0.507000
38 0.525000
39 0.554000
40 0.551000
41 0.557000
42 0.595000
43 0.554000
44 0.552000
45 0.573000
46 0.588000
47 0.611000
48 0.612000
49 0.549000
50 0.551000
51 0.547000
52 0.550000
53 0.548000
54 0.534000
55 0.608000
56 0.553000
57 0.548000
58 0.602000
59 0.608000
60 0.552000
61 0.551000
62 0.535000
63 0.551000
64 0.555000
65 0.548000
66 0.552000
67 0.550000
68 0.557000
69 0.549000
70 0.536000
71 0.555000
72 0.556000
73 0.549000
74 0.550000
75 0.545000
76 0.568000
77 0.564000
78 0.538000
79 0.573000
80 0.577000
81 0.581000
82 0.528000
83 0.542000
84 0.539000
85 0.552000
86 0.566000
87 0.581000
88 0.591000
89 0.600000
90 0.605000
91 0.583000
92 0.593000
93 0.583000
94 0.586000
95 0.600000
96 0.610000
97 0.550000
98 0.589000
99 0.600000
100 0.545000
101 0.559000
102 0.566000
103 0.566000
104 0.574000
105 0.577000
106 0.612000
107 0.604000
108 0.613000
109 0.551000
110 0.559000
111 0.570000
112 0.579000
113 0.589000
114 0.550000
115 0.577000
116 0.583000
117 0.571000
118 0.580000
119 0.597000
120 0.561000
121 0.570000
122 0.527000
123 0.571000
124 0.578000
125 0.591000
126 0.581000
127 0.612000
128 0.613000
129 0.611000
130 0.593000
131 0.564000
132 0.572000
133 0.554000
134 0.565000
135 0.574000
136 0.564000
137 0.545000
138 0.570000
139 0.595000
140 0.592000
141 0.595000
142 0.591000
143 0.605000
144 0.590000
145 0.551000
146 0.569000
147 0.588000
148 0.593000
149 0.588000
150 0.601000
151 0.590000
152 0.592000
153 0.570000
154 0.563000
155 0.590000
156 0.599000
157 0.592000
158 0.610000
159 0.588000
160 0.592000
161 0.554000
162 0.608000
163 0.598000
164 0.590000
165 0.596000
166 0.590000
167 0.588000
168 0.597000
169 0.551000
170 0.580000
171 0.600000
172 0.616000
173 0.519000
174 0.528000
175 0.581000
176 0.590000
177 0.599000
178 0.588000
179 0.579000
180 0.590000
181 0.599000
182 0.571000
183 0.542000
184 0.575000
185 0.549000
186 0.570000
187 0.585000
188 0.593000
189 0.584000
190 0.528000
191 0.596000
192 0.606000
193 0.623000
194 0.574000
195 0.582000
196 0.594000
197 0.593000
198 0.550000
199 0.604000
200 0.611000
201 0.564000
202 0.570000
203 0.612000
204 0.533000
205 0.555000
206 0.552000
207 0.549000
208 0.568000
209 0.616000
210 0.612000
211 0.574000
212 0.565000
213 0.555000
214 0.601000
215 0.578000
216 0.579000
217 0.568000
218 0.618000
219 0.612000
220 0.571000
221 0.601000
222 0.553000
223 0.613000
224 0.577000
225 0.569000
226 0.569000
227 0.563000
228 0.616000
229 0.602000
230 0.573000
231 0.569000
232 0.614000
233 0.613000
234 0.607000
235 0.618000
236 0.627000
237 0.606000
238 0.603000
239 0.570000
240 0.572000
241 0.611000
242 0.573000
243 0.568000
244 0.545000
245 0.549000
246 0.605000
247 0.572000
248 0.562000
249 0.565000
250 0.563000
251 0.576000
252 0.571000
253 0.556000
254 0.550000
255 0.569000
256 0.567000
257 0.572000
258 0.577000
259 0.573000
260 0.566000
261 0.554000
262 0.602000
263 0.573000
264 0.571000
265 0.527000
266 0.567000
267 0.566000
268 0.574000
269 0.549000
270 0.557000
271 0.613000
272 0.574000
273 0.568000
274 0.571000
275 0.565000
276 0.565000
277 0.606000
278 0.558000
279 0.612000
280 0.582000
281 0.616000
282 0.570000
283 0.569000
284 0.533000
285 0.605000
286 0.560000
287 0.608000
288 0.576000
289 0.616000
290 0.567000
291 0.572000
292 0.576000
293 0.549000
294 0.557000
295 0.567000
296 0.567000
297 0.614000
298 0.614000
299 0.573000
300 0.617000
301 0.602000
302 0.555000
303 0.568000
304 0.615000
305 0.568000
306 0.577000
307 0.575000
308 0.573000
309 0.552000
310 0.555000
311 0.570000
312 0.576000
313 0.616000
314 0.568000
315 0.577000
316 0.552000
317 0.557000
318 0.547000
319 0.572000
320 0.611000
321 0.572000
322 0.567000
323 0.570000
324 0.569000
325 0.554000
326 0.548000
327 0.574000
328 0.572000
329 0.571000
330 0.573000
331 0.564000
332 0.574000
333 0.606000
334 0.556000
335 0.607000
336 0.572000
337 0.570000
338 0.572000
339 0.569000
340 0.575000
341 0.552000
342 0.577000
343 0.615000
344 0.572000
345 0.566000
346 0.616000
347 0.565000
348 0.573000
349 0.607000
350 0.555000
351 0.634000
352 0.572000
353 0.613000
354 0.571000
355 0.569000
356 0.564000
357 0.551000
358 0.548000
359 0.570000
360 0.569000
361 0.571000
362 0.570000
363 0.572000
364 0.570000
365 0.555000
366 0.549000
367 0.570000
368 0.566000
369 0.624000
370 0.567000
371 0.568000
372 0.481000
373 0.549000
374 0.550000
375 0.567000
376 0.563000
377 0.551000
378 0.563000
379 0.570000
380 0.569000
381 0.612000
382 0.553000
383 0.568000
384 0.571000
385 0.568000
386 0.571000
387 0.569000
388 0.563000
389 0.555000
390 0.550000
391 0.571000
392 0.610000
393 0.572000
394 0.610000
395 0.567000
396 0.571000
397 0.609000
398 0.548000
399 0.567000
400 0.568000
401 0.608000
402 0.574000
403 0.566000
404 0.569000
405 0.601000
406 0.551000
407 0.604000
408 0.577000
409 0.612000
410 0.571000
411 0.564000
412 0.576000
413 0.550000
414 0.553000
415 0.569000
416 0.572000
417 0.571000
418 0.568000
419 0.607000
420 0.572000
421 0.551000
422 0.552000
423 0.627000
424 0.570000
425 0.567000
426 0.615000
427 0.564000
428 0.627000
429 0.607000
430 0.548000
431 0.568000
432 0.570000
433 0.569000
434 0.568000
435 0.565000
436 0.625000
437 0.556000
438 0.553000
439 0.569000
440 0.568000
441 0.572000
442 0.567000
443 0.576000
444 0.569000
445 0.554000
446 0.550000
447 0.612000
448 0.566000
449 0.570000
450 0.567000
451 0.569000
452 0.574000
453 0.551000
454 0.554000
455 0.564000
456 0.571000
457 0.569000
458 0.571000
459 0.609000
460 0.569000
461 0.546000
462 0.547000
463 0.571000
464 0.568000
465 0.635000
466 0.564000
467 0.570000
468 0.609000
469 0.552000
470 0.611000
471 0.569000
472 0.567000
473 0.573000
474 0.571000
475 0.568000
476 0.567000
477 0.609000
478 0.571000
479 0.564000
480 0.571000
481 0.629000
482 0.570000
483 0.610000
484 0.547000
485 0.549000
486 0.547000
487 0.563000
488 0.577000
489 0.568000
490 0.568000
491 0.606000
492 0.571000
493 0.605000
494 0.555000
495 0.566000
496 0.567000
497 0.568000
498 0.561000
499 0.570000
500 0.572000
501 0.615000
502 0.549000
503 0.566000
504 0.527000
505 0.555000
506 0.529000
507 0.583000
508 0.553000
509 0.562000
510 0.572000
511 0.602000
512 0.593000
513 0.605000
514 0.552000
515 0.541000
516 0.588000
517 0.584000
518 0.530000
519 0.537000
520 0.625000
521 0.552000
522 0.546000
523 0.550000
524 0.544000
525 0.553000
526 0.548000
527 0.552000
528 0.556000
529 0.555000
530 0.549000
531 0.547000
532 0.552000
533 0.575000
534 0.549000
535 0.552000
536 0.567000
537 0.553000
538 0.547000
539 0.548000
540 0.552000
541 0.555000
542 0.500000
543 0.550000
544 0.553000
545 0.546000
546 0.553000
547 0.553000
548 0.556000
549 0.551000
550 0.553000
551 0.547000
552 0.548000
553 0.611000
554 0.550000
555 0.552000
556 0.557000
557 0.558000
558 0.555000
559 0.546000
560 0.557000
561 0.551000
562 0.552000
563 0.542000
564 0.556000
565 0.552000
566 0.556000
567 0.545000
568 0.552000
569 0.548000
570 0.556000
571 0.548000
572 0.555000
573 0.550000
574 0.550000
575 0.545000
576 0.555000
577 0.553000
578 0.548000
579 0.569000
580 0.558000
581 0.551000
582 0.554000
583 0.611000
584 0.547000
585 0.554000
586 0.558000
587 0.548000
588 0.569000
589 0.554000
590 0.552000
591 0.551000
592 0.556000
593 0.550000
594 0.552000
595 0.558000
596 0.556000
597 0.557000
598 0.549000
599 0.549000
600 0.572000
601 0.556000
602 0.548000
603 0.559000
604 0.550000
605 0.546000
606 0.485000
607 0.544000
608 0.557000
609 0.544000
610 0.548000
611 0.549000
612 0.550000
613 0.569000
614 0.554000
615 0.545000
616 0.554000
617 0.556000
618 0.554000
619 0.546000
620 0.553000
621 0.603000
622 0.554000
623 0.544000
624 0.556000
625 0.571000
626 0.560000
627 0.567000
628 0.557000
629 0.553000
630 0.553000
631 0.544000
632 0.554000
633 0.549000
634 0.552000
635 0.512000
636 0.555000
637 0.555000
638 0.552000
639 0.629000
640 0.563000
641 0.501000
642 0.550000
643 0.631000
644 0.555000
645 0.570000
646 0.555000
647 0.543000
648 0.552000
649 0.551000
650 0.545000
651 0.547000
652 0.552000
653 0.612000
654 0.542000
655 0.547000
656 0.553000
657 0.553000
658 0.547000
659 0.545000
660 0.546000
661 0.549000
662 0.551000
663 0.549000
664 0.557000
665 0.555000
666 0.549000
667 0.545000
668 0.552000
669 0.554000
670 0.550000
671 0.549000
672 0.558000
673 0.548000
674 0.557000
675 0.542000
676 0.555000
677 0.552000
678 0.547000
679 0.546000
680 0.550000
681 0.546000
682 0.552000
683 0.553000
684 0.548000
685 0.546000
686 0.550000
687 0.552000
688 0.559000
689 0.548000
690 0.542000
691 0.548000
692 0.548000
693 0.548000
694 0.541000
695 0.542000
696 0.549000
697 0.548000
698 0.550000
699 0.540000
700 0.559000
701 0.549000
702 0.542000
703 0.541000
704 0.544000
705 0.548000
706 0.542000
707 0.552000
708 0.570000
709 0.553000
710 0.547000
711 0.544000
712 0.546000
713 0.551000
714 0.545000
715 0.539000
716 0.549000
717 0.551000
718 0.545000
719 0.546000
720 0.639000
721 0.550000
722 0.545000
723 0.550000
724 0.549000
725 0.550000
726 0.549000
727 0.553000
728 0.551000
729 0.555000
730 0.550000
731 0.546000
732 0.550000
733 0.552000
734 0.549000
735 0.536000
736 0.558000
737 0.604000
738 0.541000
739 0.513000
740 0.548000
741 0.603000
742 0.547000
743 0.547000
744 0.552000
745 0.626000
746 0.550000
747 0.582000
748 0.554000
749 0.552000
750 0.549000
751 0.540000
752 0.510000
753 0.545000
754 0.552000
755 0.560000
756 0.555000
757 0.551000
758 0.550000
759 0.537000
760 0.551000
761 0.548000
762 0.563000
763 0.515000
764 0.554000
765 0.555000
766 0.500000
767 0.541000
768 0.550000
769 0.550000
770 0.547000
771 0.548000
772 0.572000
773 0.552000
774 0.549000
775 0.542000
776 0.551000
777 0.552000
778 0.545000
779 0.564000
780 0.601000
781 0.555000
782 0.549000
783 0.549000
784 0.548000
785 0.547000
786 0.542000
787 0.563000
788 0.602000
789 0.552000
790 0.546000
791 0.544000
792 0.635000
793 0.548000
794 0.547000
795 0.553000
796 0.638000
797 0.572000
798 0.501000
799 0.542000
800 0.547000
801 0.549000
802 0.545000
803 0.564000
804 0.601000
805 0.557000
806 0.545000
807 0.541000
808 0.547000
809 0.626000
810 0.552000
811 0.573000
812 0.554000
813 0.600000
814 0.548000
815 0.550000
816 0.552000
817 0.597000
818 0.550000
819 0.559000
820 0.551000
821 0.599000
822 0.549000
823 0.536000
824 0.549000
825 0.548000
826 0.551000
827 0.554000
828 0.549000
829 0.547000
830 0.553000
831 0.584000
832 0.559000
833 0.600000
834 0.555000
835 0.602000
836 0.550000
837 0.549000
838 0.551000
839 0.551000
840 0.550000
841 0.549000
842 0.549000
843 0.559000
844 0.557000
845 0.549000
846 0.551000
847 0.553000
848 0.547000
849 0.554000
850 0.548000
851 0.561000
852 0.548000
853 0.548000
854 0.550000
855 0.548000
856 0.554000
857 0.551000
858 0.548000
859 0.559000
860 0.551000
861 0.606000
862 0.549000
863 0.549000
864 0.550000
865 0.634000
866 0.551000
867 0.561000
868 0.547000
869 0.556000
870 0.548000
871 0.551000
872 0.550000
873 0.598000
874 0.551000
875 0.556000
876 0.545000
877 0.551000
878 0.544000
879 0.635000
880 0.549000
881 0.633000
882 0.549000
883 0.561000
884 0.637000
885 0.551000
886 0.542000
887 0.632000
888 0.551000
889 0.632000
890 0.550000
891 0.625000
892 0.550000
893 0.551000
894 0.568000
895 0.549000
896 0.632000
897 0.550000
898 0.549000
899 0.559000
900 0.547000
901 0.510000
902 0.551000
903 0.548000
904 0.513000
905 0.481000
906 0.557000
907 0.577000
908 0.578000
909 0.584000
910 0.541000
911 0.555000
912 0.614000
913 0.583000
914 0.592000
915 0.580000
916 0.609000
917 0.599000
918 0.552000
919 0.543000
920 0.560000
921 0.565000
922 0.529000
923 0.528000
924 0.601000
925 0.602000
926 0.571000
927 0.562000
928 0.567000
929 0.582000
930 0.531000
931 0.544000
932 0.556000
933 0.617000
934 0.576000
935 0.579000
936 0.591000
937 0.532000
938 0.570000
939 0.559000
940 0.572000
941 0.580000
942 0.594000
943 0.540000
944 0.554000
945 0.559000
946 0.569000
947 0.577000
948 0.591000
949 0.596000
950 0.544000
951 0.555000
952 0.628000
953 0.573000
954 0.589000
955 0.538000
956 0.592000
957 0.604000
958 0.591000
959 0.548000
960 0.603000
961 0.614000
962 0.582000
963 0.591000
964 0.548000
965 0.556000
966 0.564000
967 0.573000
968 0.581000
969 0.592000
970 0.593000
971 0.551000
972 0.591000
973 0.602000
974 0.594000
975 0.593000
976 0.602000
977 0.624000
978 0.598000
979 0.604000
980 0.621000
981 0.578000
982 0.551000
983 0.526000
984 0.573000
985 0.579000
986 0.589000
987 0.539000
988 0.543000
989 0.577000
990 0.568000
991 0.507000
992 0.594000
993 0.610000
994 0.609000
995 0.559000
996 0.521000
997 0.522000
998 0.580000
999 0.597000
1000 0.596000
1001 0.567000
1002 0.555000
1003 0.571000
1004 0.569000
1005 0.564000
1006 0.505000
1007 0.550000
1008 0.566000
1009 0.566000
1010 0.571000
1011 0.611000
1012 0.568000
1013 0.597000
1014 0.540000
1015 0.547000
1016 0.561000
1017 0.602000
1018 0.631000
1019 0.562000
1020 0.633000
1021 0.568000
1022 0.607000
1023 0.552000
1024 0.557000
1025 0.568000
1026 0.567000
1027 0.611000
1028 0.568000
1029 0.632000
1030 0.617000
1031 0.541000
1032 0.563000
1033 0.564000
1034 0.565000
1035 0.595000
1036 0.571000
1037 0.563000
1038 0.552000
1039 0.551000
1040 0.598000
1041 0.569000
1042 0.631000
1043 0.568000
1044 0.599000
1045 0.567000
1046 0.607000
1047 0.549000
1048 0.597000
1049 0.574000
1050 0.570000
1051 0.567000
1052 0.568000
1053 0.597000
1054 0.613000
1055 0.546000
1056 0.571000
1057 0.567000
1058 0.570000
1059 0.567000
1060 0.571000
1061 0.569000
1062 0.598000
1063 0.546000
1064 0.566000
1065 0.572000
1066 0.637000
1067 0.564000
1068 0.564000
1069 0.569000
1070 0.596000
1071 0.552000
1072 0.559000
1073 0.576000
1074 0.568000
1075 0.611000
1076 0.565000
1077 0.563000
1078 0.575000
1079 0.543000
1080 0.567000
1081 0.567000
1082 0.569000
1083 0.561000
1084 0.567000
1085 0.549000
1086 0.557000
1087 0.546000
1088 0.564000
1089 0.570000
1090 0.636000
1091 0.569000
1092 0.565000
1093 0.595000
1094 0.553000
1095 0.545000
1096 0.563000
1097 0.572000
1098 0.574000
1099 0.596000
1100 0.571000
1101 0.568000
1102 0.552000
1103 0.552000
1104 0.571000
1105 0.602000
1106 0.576000
1107 0.565000
1108 0.565000
1109 0.570000
1110 0.552000
1111 0.547000
1112 0.571000
1113 0.568000
1114 0.598000
1115 0.570000
1116 0.568000
1117 0.565000
1118 0.602000
1119 0.517000
1120 0.562000
1121 0.574000
1122 0.571000
1123 0.571000
1124 0.566000
1125 0.574000
1126 0.547000
1127 0.553000
1128 0.567000
1129 0.571000
1130 0.571000
1131 0.597000
1132 0.564000
1133 0.571000
1134 0.549000
1135 0.545000
1136 0.566000
1137 0.570000
1138 0.570000
1139 0.568000
1140 0.572000
1141 0.562000
1142 0.551000
1143 0.548000
1144 0.565000
1145 0.600000
1146 0.596000
1147 0.567000
1148 0.562000
1149 0.601000
1150 0.610000
1151 0.555000
1152 0.569000
1153 0.606000
1154 0.568000
1155 0.597000
1156 0.568000
1157 0.566000
1158 0.552000
1159 0.554000
1160 0.562000
1161 0.567000
1162 0.636000
1163 0.594000
1164 0.570000
1165 0.560000
1166 0.553000
1167 0.547000
1168 0.563000
1169 0.569000
1170 0.570000
1171 0.570000
1172 0.565000
1173 0.569000
1174 0.607000
1175 0.550000
1176 0.565000
1177 0.569000
1178 0.635000
1179 0.567000
1180 0.598000
1181 0.567000
1182 0.601000
1183 0.519000
1184 0.593000
1185 0.568000
1186 0.609000
1187 0.571000
1188 0.597000
1189 0.519000
1190 0.551000
1191 0.476000
1192 0.560000
1193 0.572000
1194 0.599000
1195 0.563000
1196 0.557000
1197 0.570000
1198 0.607000
1199 0.547000
1200 0.562000
1201 0.567000
1202 0.593000
1203 0.559000
1204 0.559000
1205 0.570000
1206 0.598000
1207 0.553000
1208 0.562000
1209 0.565000
1210 0.573000
1211 0.568000
1212 0.564000
1213 0.570000
1214 0.598000
1215 0.542000
1216 0.569000
1217 0.598000
1218 0.572000
1219 0.566000
1220 0.567000
1221 0.560000
1222 0.547000
1223 0.544000
1224 0.571000
1225 0.568000
1226 0.573000
1227 0.596000
1228 0.566000
1229 0.563000
1230 0.554000
1231 0.610000
1232 0.640000
1233 0.633000
1234 0.673000
1235 0.619000
1236 0.654000
1237 0.635000
1238 0.667000
1239 0.581000
1240 0.625000
1241 0.648000
1242 0.668000
1243 0.595000
1244 0.644000
1245 0.632000
1246 0.611000
1247 0.611000
1248 0.596000
1249 0.638000
1250 0.641000
1251 0.622000
1252 0.635000
1253 0.637000
1254 0.628000
1255 0.583000
1256 0.633000
1257 0.637000
1258 0.665000
1259 0.666000
1260 0.566000
1261 0.558000
1262 0.545000
1263 0.619000
1264 0.637000
1265 0.602000
1266 0.597000
1267 0.538000
1268 0.605000
1269 0.631000
1270 0.616000
1271 0.549000
1272 0.598000
1273 0.629000
1274 0.598000
1275 0.569000
1276 0.640000
1277 0.563000
1278 0.611000
1279 0.613000
1280 0.632000
1281 0.647000
1282 0.632000
1283 0.599000
1284 0.635000
1285 0.576000
1286 0.544000
1287 0.553000
1288 0.595000
1289 0.568000
1290 0.599000
1291 0.557000
1292 0.643000
1293 0.637000
1294 0.618000
1295 0.609000
1296 0.635000
1297 0.653000
1298 0.660000
1299 0.621000
1300 0.637000
1301 0.632000
1302 0.622000
1303 0.598000
1304 0.629000
1305 0.638000
1306 0.565000
1307 0.561000
1308 0.636000
1309 0.636000
1310 0.626000
1311 0.566000
1312 0.593000
1313 0.638000
1314 0.666000
1315 0.625000
1316 0.637000
1317 0.636000
1318 0.627000
1319 0.583000
1320 0.629000
1321 0.635000
1322 0.668000
1323 0.598000
1324 0.665000
1325 0.637000
1326 0.628000
1327 0.580000
1328 0.633000
1329 0.637000
1330 0.679000
1331 0.555000
1332 0.594000
1333 0.636000
1334 0.625000
1335 0.585000
1336 0.597000
1337 0.643000
1338 0.671000
1339 0.595000
1340 0.638000
1341 0.634000
1342 0.626000
1343 0.566000
1344 0.639000
1345 0.636000
1346 0.638000
1347 0.613000
1348 0.637000
1349 0.653000
1350 0.613000
1351 0.593000
1352 0.632000
1353 0.638000
1354 0.637000
1355 0.640000
1356 0.642000
1357 0.660000
1358 0.609000
1359 0.563000
1360 0.639000
1361 0.634000
1362 0.640000
1363 0.618000
1364 0.640000
1365 0.629000
1366 0.613000
1367 0.574000
1368 0.642000
1369 0.632000
1370 0.673000
1371 0.599000
1372 0.663000
1373 0.597000
1374 0.608000
1375 0.614000
1376 0.638000
1377 0.635000
1378 0.637000
1379 0.620000
1380 0.657000
1381 0.632000
1382 0.601000
1383 0.581000
1384 0.637000
1385 0.640000
1386 0.667000
1387 0.596000
1388 0.563000
1389 0.636000
1390 0.607000
1391 0.569000
1392 0.635000
1393 0.629000
1394 0.638000
1395 0.615000
1396 0.663000
1397 0.635000
1398 0.624000
1399 0.587000
1400 0.664000
1401 0.634000
1402 0.639000
1403 0.569000
1404 0.650000
1405 0.639000
1406 0.623000
1407 0.610000
1408 0.638000
1409 0.634000
1410 0.637000
1411 0.611000
1412 0.645000
1413 0.639000
1414 0.613000
1415 0.605000
1416 0.642000
1417 0.646000
1418 0.668000
1419 0.619000
1420 0.658000
1421 0.638000
1422 0.626000
1423 0.587000
1424 0.602000
1425 0.636000
1426 0.640000
1427 0.618000
1428 0.637000
1429 0.632000
1430 0.619000
1431 0.607000
1432 0.636000
1433 0.654000
1434 0.653000
1435 0.594000
1436 0.642000
1437 0.652000
1438 0.617000
1439 0.608000
1440 0.632000
1441 0.637000
1442 0.675000
1443 0.601000
1444 0.637000
1445 0.636000
1446 0.611000
1447 0.612000
1448 0.598000
1449 0.653000
1450 0.645000
1451 0.621000
1452 0.636000
1453 0.637000
1454 0.610000
1455 0.565000
1456 0.598000
1457 0.641000
1458 0.634000
1459 0.619000
1460 0.639000
1461 0.637000
1462 0.611000
1463 0.566000
1464 0.633000
1465 0.639000
1466 0.635000
1467 0.615000
1468 0.573000
1469 0.636000
1470 0.613000
1471 0.578000
1472 0.635000
1473 0.631000
1474 0.638000
1475 0.613000
1476 0.641000
1477 0.643000
1478 0.611000
1479 0.610000
1480 0.602000
1481 0.637000
1482 0.664000
1483 0.601000
1484 0.640000
1485 0.635000
1486 0.613000
1487 0.580000
1488 0.641000
1489 0.641000
1490 0.673000
1491 0.625000
1492 0.644000
1493 0.639000
1494 0.625000
1495 0.585000
1496 0.637000
1497 0.643000
1498 0.670000
1499 0.621000
1500 0.653000
1501 0.644000
1502 0.610000
1503 0.615000
1504 0.597000
1505 0.653000
1506 0.602000
1507 0.557000
1508 0.638000
1509 0.636000
1510 0.619000
1511 0.567000
1512 0.638000
1513 0.597000
1514 0.646000
1515 0.620000
1516 0.639000
1517 0.640000
1518 0.624000
1519 0.584000
1520 0.594000
1521 0.643000
1522 0.661000
1523 0.621000
1524 0.639000
1525 0.599000
1526 0.610000
1527 0.621000
1528 0.591000
1529 0.639000
1530 0.637000
1531 0.619000
1532 0.631000
1533 0.639000
1534 0.612000
1535 0.604000
1536 0.597000
1537 0.641000
1538 0.659000
1539 0.623000
1540 0.643000
1541 0.640000
1542 0.616000
1543 0.605000
1544 0.595000
1545 0.647000
1546 0.668000
1547 0.622000
1548 0.641000
1549 0.643000
1550 0.610000
1551 0.616000
1552 0.638000
1553 0.672000
1554 0.644000
1555 0.620000
1556 0.636000
1557 0.637000
1558 0.621000
1559 0.597000
1560 0.641000
1561 0.640000
1562 0.642000
1563 0.597000
1564 0.643000
1565 0.633000
1566 0.621000
1567 0.587000
1568 0.591000
1569 0.641000
1570 0.670000
1571 0.603000
1572 0.646000
1573 0.641000
1574 0.614000
1575 0.587000
1576 0.592000
1577 0.640000
1578 0.635000
1579 0.598000
1580 0.644000
1581 0.652000
1582 0.619000
1583 0.615000
1584 0.597000
1585 0.642000
1586 0.639000
1587 0.597000
1588 0.636000
1589 0.639000
1590 0.627000
1591 0.568000
1592 0.626000
1593 0.639000
1594 0.634000
1595 0.612000
1596 0.638000
1597 0.632000
1598 0.624000
1599 0.614000
1600 0.631000
1601 0.646000
1602 0.669000
1603 0.605000
1604 0.639000
1605 0.639000
1606 0.614000
1607 0.615000
1608 0.633000
1609 0.642000
1610 0.632000
1611 0.602000
1612 0.631000
1613 0.638000
1614 0.626000
1615 0.598000
1616 0.638000
1617 0.642000
1618 0.640000
1619 0.597000
1620 0.638000
1621 0.648000
1622 0.611000
1623 0.607000
1624 0.640000
1625 0.637000
1626 0.640000
1627 0.619000
1628 0.651000
1629 0.640000
1630 0.614000
1631 0.581000
1632 0.641000
1633 0.633000
1634 0.644000
1635 0.595000
1636 0.648000
1637 0.634000
1638 0.617000
1639 0.614000
1640 0.607000
1641 0.640000
1642 0.645000
1643 0.599000
1644 0.642000
1645 0.638000
1646 0.611000
1647 0.586000
1648 0.645000
1649 0.639000
1650 0.595000
1651 0.600000
1652 0.563000
1653 0.556000
1654 0.591000
1655 0.592000
1656 0.594000
1657 0.588000
1658 0.593000
1659 0.588000
1660 0.597000
1661 0.594000
1662 0.552000
1663 0.589000
1664 0.599000
1665 0.596000
1666 0.602000
1667 0.566000
1668 0.598000
1669 0.595000
1670 0.592000
1671 0.552000
1672 0.593000
1673 0.599000
1674 0.590000
1675 0.599000
1676 0.591000
1677 0.600000
1678 0.592000
1679 0.595000
1680 0.594000
1681 0.599000
1682 0.565000
1683 0.599000
1684 0.596000
1685 0.523000
1686 0.493000
1687 0.612000
1688 0.558000
1689 0.603000
1690 0.613000
1691 0.552000
1692 0.585000
1693 0.582000
1694 0.559000
1695 0.569000
1696 0.608000
1697 0.600000
1698 0.605000
1699 0.610000
1700 0.581000
1701 0.542000
1702 0.509000
1703 0.492000
1704 0.465000
1705 0.554000
1706 0.405000
1707 0.532000
1708 0.429000
1709 0.551000
1710 0.526000
1711 0.554000
1712 0.544000
1713 0.560000
1714 0.522000
1715 0.532000
1716 0.561000
1717 0.512000
1718 0.518000
1719 0.509000
1720 0.506000
1721 0.517000
1722 0.528000
1723 0.522000
1724 0.548000
1725 0.535000
1726 0.555000
1727 0.540000
1728 0.524000
1729 0.555000
1730 0.563000
1731 0.526000
1732 0.506000
1733 0.558000
1734 0.523000
1735 0.531000
1736 0.523000
1737 0.537000
1738 0.542000
1739 0.484000
1740 0.513000
1741 0.555000
1742 0.587000
1743 0.603000
1744 0.586000
1745 0.597000
1746 0.604000
1747 0.613000
1748 0.543000
1749 0.587000
1750 0.599000
1751 0.559000
1752 0.552000
1753 0.555000
1754 0.565000
1755 0.599000
1756 0.507000
1757 0.602000
1758 0.600000
1759 0.595000
1760 0.581000
1761 0.599000
1762 0.597000
1763 0.597000
1764 0.507000
1765 0.604000
1766 0.602000
1767 0.549000
1768 0.545000
1769 0.603000
1770 0.596000
1771 0.595000
1772 0.521000
1773 0.612000
1774 0.574000
1775 0.526000
1776 0.535000
1777 0.566000
1778 0.575000
1779 0.538000
1780 0.510000
1781 0.581000
1782 0.582000
1783 0.541000
1784 0.540000
1785 0.585000
1786 0.577000
1787 0.499000
1788 0.473000
1789 0.583000
1790 0.575000
1791 0.544000
1792 0.507000
1793 0.587000
1794 0.495000
1795 0.543000
1796 0.515000
1797 0.600000
1798 0.600000
1799 0.579000
1800 0.514000
1801 0.587000
1802 0.592000
1803 0.591000
1804 0.551000
1805 0.599000
1806 0.583000
1807 0.594000
1808 0.495000
1809 0.584000
1810 0.590000
1811 0.502000
1812 0.514000
1813 0.500000
1814 0.550000
1815 0.544000
1816 0.548000
1817 0.589000
1818 0.580000
1819 0.511000
1820 0.474000
1821 0.585000
1822 0.583000
1823 0.544000
1824 0.514000
1825 0.591000
1826 0.581000
1827 0.543000
1828 0.481000
1829 0.584000
1830 0.497000
1831 0.552000
1832 0.556000
1833 0.587000
1834 0.510000
1835 0.542000
1836 0.524000
1837 0.581000
1838 0.584000
1839 0.505000
1840 0.547000
1841 0.586000
1842 0.582000
1843 0.509000
1844 0.532000
1845 0.589000
1846 0.578000
1847 0.548000
1848 0.542000
1849 0.584000
1850 0.579000
1851 0.547000
1852 0.511000
1853 0.584000
1854 0.549000
1855 0.545000
1856 0.549000
1857 0.590000
1858 0.581000
1859 0.505000
1860 0.485000
1861 0.586000
1862 0.494000
1863 0.547000
1864 0.514000
1865 0.506000
1866 0.582000
1867 0.508000
1868 0.516000
1869 0.590000
1870 0.508000
1871 0.542000
1872 0.548000
1873 0.588000
1874 0.504000
1875 0.536000
1876 0.484000
1877 0.539000
1878 0.585000
1879 0.425000
1880 0.498000
1881 0.590000
1882 0.504000
1883 0.506000
1884 0.471000
1885 0.533000
1886 0.580000
1887 0.596000
1888 0.593000
1889 0.599000
1890 0.598000
1891 0.500000
1892 0.462000
1893 0.503000
1894 0.507000
1895 0.545000
1896 0.599000
1897 0.601000
1898 0.600000
1899 0.589000
1900 0.565000
1901 0.598000
1902 0.607000
1903 0.594000
1904 0.593000
1905 0.614000
1906 0.607000
1907 0.540000
1908 0.522000
1909 0.602000
1910 0.592000
1911 0.596000
1912 0.591000
1913 0.599000
1914 0.594000
1915 0.593000
1916 0.553000
1917 0.597000
1918 0.597000
1919 0.592000
1920 0.593000
1921 0.606000
1922 0.590000
1923 0.596000
1924 0.564000
1925 0.601000
1926 0.590000
1927 0.597000
1928 0.590000
1929 0.606000
1930 0.586000
1931 0.599000
1932 0.480000
1933 0.575000
1934 0.595000
1935 0.599000
1936 0.597000
1937 0.602000
1938 0.597000
1939 0.580000
1940 0.570000
1941 0.594000
1942 0.591000
1943 0.592000
1944 0.588000
1945 0.587000
1946 0.587000
1947 0.586000
1948 0.519000
1949 0.603000
1950 0.594000
1951 0.585000
1952 0.500000
1953 0.601000
1954 0.589000
1955 0.592000
1956 0.560000
1957 0.605000
1958 0.592000
1959 0.602000
1960 0.590000
1961 0.599000
1962 0.591000
1963 0.593000
1964 0.554000
1965 0.598000
1966 0.601000
1967 0.595000
1968 0.603000
1969 0.597000
1970 0.596000
1971 0.580000
1972 0.564000
1973 0.592000
1974 0.594000
1975 0.597000
1976 0.593000
1977 0.600000
1978 0.590000
1979 0.593000
1980 0.558000
1981 0.603000
1982 0.594000
1983 0.598000
1984 0.597000
1985 0.627000
1986 0.670000
1987 0.634000
1988 0.598000
1989 0.709000
1990 0.693000
1991 0.638000
1992 0.630000
1993 0.636000
1994 0.673000
1995 0.639000
1996 0.583000
1997 0.621000
1998 0.596000
1999 0.600000
2000 0.592000
2001 0.602000
2002 0.590000
2003 0.597000
2004 0.565000
2005 0.605000
2006 0.600000
2007 0.549000
2008 0.461000
2009 0.598000
2010 0.601000
2011 0.594000
2012 0.561000
2013 0.582000
2014 0.591000
2015 0.500000
2016 0.596000
2017 0.547000
2018 0.611000
2019 0.616000
2020 0.565000
2021 0.604000
2022 0.622000
2023 0.558000
2024 0.532000
2025 0.577000
2026 0.586000
2027 0.578000
2028 0.574000
2029 0.585000
2030 0.497000
2031 0.593000
2032 0.503000
2033 0.525000
2034 0.591000
2035 0.590000
2036 0.573000
2037 0.589000
2038 0.597000
2039 0.587000
2040 0.551000
2041 0.590000
2042 0.596000
2043 0.592000
2044 0.568000
2045 0.566000
2046 0.598000
2047 0.576000
2048 0.510000
2049 0.591000
2050 0.596000
2051 0.566000
2052 0.581000
2053 0.595000
2054 0.588000
2055 0.594000
2056 0.582000
2057 0.492000
2058 0.544000
2059 0.592000
2060 0.567000
2061 0.597000
2062 0.591000
2063 0.590000
2064 0.578000
2065 0.596000
2066 0.594000
2067 0.591000
2068 0.569000
2069 0.588000
2070 0.595000
2071 0.591000
2072 0.550000
2073 0.562000
2074 0.593000
2075 0.594000
2076 0.566000
2077 0.598000
2078 0.598000
2079 0.600000
2080 0.574000
2081 0.589000
2082 0.495000
2083 0.536000
2084 0.572000
2085 0.592000
2086 0.597000
2087 0.592000
2088 0.586000
2089 0.595000
2090 0.593000
2091 0.597000
2092 0.563000
2093 0.596000
2094 0.595000
2095 0.587000
2096 0.575000
2097 0.591000
2098 0.596000
2099 0.592000
2100 0.548000
2101 0.593000
2102 0.595000
2103 0.597000
2104 0.567000
2105 0.598000
2106 0.589000
2107 0.540000
2108 0.498000
2109 0.593000
2110 0.598000
2111 0.591000
2112 0.556000
2113 0.595000
2114 0.593000
2115 0.598000
2116 0.571000
2117 0.597000
2118 0.597000
2119 0.593000
2120 0.571000
2121 0.595000
2122 0.593000
2123 0.593000
2124 0.566000
2125 0.592000
2126 0.593000
2127 0.590000
2128 0.574000
2129 0.587000
2130 0.535000
2131 0.597000
2132 0.491000
2133 0.497000
2134 0.587000
2135 0.594000
2136 0.581000
2137 0.596000
2138 0.590000
2139 0.595000
2140 0.567000
2141 0.594000
2142 0.588000
2143 0.591000
2144 0.571000
2145 0.578000
2146 0.606000
2147 0.578000
2148 0.574000
2149 0.603000
2150 0.609000
2151 0.560000
2152 0.568000
2153 0.600000
2154 0.610000
2155 0.615000
2156 0.578000
2157 0.516000
2158 0.546000
2159 0.596000
2160 0.597000
2161 0.595000
2162 0.589000
2163 0.595000
2164 0.594000
2165 0.600000
2166 0.589000
2167 0.594000
2168 0.589000
2169 0.597000
2170 0.591000
2171 0.589000
2172 0.540000
2173 0.590000
2174 0.593000
2175 0.588000
2176 0.596000
2177 0.590000
2178 0.594000
2179 0.590000
2180 0.591000
2181 0.588000
2182 0.525000
2183 0.510000
2184 0.587000
2185 0.595000
2186 0.550000
2187 0.569000
2188 0.591000
2189 0.586000
2190 0.593000
2191 0.607000
2192 0.528000
2193 0.542000
2194 0.574000
2195 0.513000
2196 0.522000
2197 0.529000
2198 0.513000
2199 0.574000
2200 3.328000
2201 2.783000
2202 1.796000
2203 0.807000
2204 0.681000
2205 0.506000
2206 0.382000
2207 0.502000
2208 0.492000
2209 0.588000
2210 0.515000
2211 0.623000
2212 0.632000
2213 0.480000
2214 0.644000
2215 0.500000
2216 0.490000
2217 0.605000
2218 0.473000
2219 0.524000
2220 0.466000
2221 0.406000
2222 0.521000
2223 0.416000
2224 0.504000
2225 0.433000
2226 0.438000
2227 0.434000
2228 0.669000
2229 0.487000
2230 0.481000
2231 0.612000
2232 0.616000
2233 0.444000
2234 0.517000
2235 0.525000
2236 0.535000
2237 0.385000
2238 0.430000
2239 0.567000
2240 0.685000
2241 0.463000
2242 0.458000
2243 0.689000
2244 0.490000
2245 0.625000
2246 0.515000
2247 0.481000
2248 0.614000
2249 0.414000
2250 0.664000
2251 0.415000
2252 0.433000
2253 0.549000
2254 0.553000
2255 0.590000
2256 0.601000
2257 0.371000
2258 0.464000
2259 0.519000
2260 0.483000
2261 0.663000
2262 0.425000
2263 0.514000
2264 0.819000
2265 0.439000
2266 0.592000
2267 0.921000
2268 0.637000
2269 0.652000
2270 0.474000
2271 0.959000
2272 0.469000
2273 0.727000
2274 0.502000
2275 0.443000
2276 0.507000
2277 0.479000
2278 0.490000
2279 0.498000
2280 0.484000
2281 0.515000
2282 0.516000
2283 0.538000
2284 0.460000
2285 0.454000
2286 0.537000
2287 0.491000
2288 0.468000
2289 0.442000
2290 0.459000
2291 0.475000
2292 0.491000
2293 0.490000
2294 0.485000
2295 0.512000
2296 0.467000
2297 0.506000
2298 0.490000
2299 0.587000
2300 1.111000
2301 0.783000
2302 0.385000
2303 0.869000
2304 0.832000
2305 0.774000
2306 0.491000
2307 0.408000
2308 0.827000
2309 0.555000
2310 1.045000
2311 0.793000
2312 0.573000
2313 0.561000
2314 1.019000
2315 0.703000
2316 0.525000
2317 0.960000
2318 0.719000
2319 0.535000
2320 0.724000
2321 0.606000
2322 0.915000
2323 0.625000
2324 0.869000
2325 0.507000
2326 1.024000
2327 1.120000
2328 0.737000
2329 1.018000
2330 1.081000
2331 0.699000
2332 0.772000
2333 0.913000
2334 1.017000
2335 1.138000
2336 1.230000
2337 0.451000
2338 0.535000
2339 0.542000
2340 0.555000
2341 0.501000
2342 0.554000
2343 0.610000
2344 0.622000
2345 0.546000
2346 0.589000
2347 0.550000
2348 0.558000
2349 0.521000
2350 0.539000
2351 0.512000
2352 0.512000
2353 0.499000
2354 0.510000
2355 0.524000
2356 0.589000
2357 0.554000
2358 0.469000
2359 0.469000
2360 0.492000
2361 0.500000
2362 0.511000
2363 0.642000
2364 0.513000
2365 0.630000
2366 0.517000
2367 0.588000
2368 0.499000
2369 0.508000
2370 0.550000
2371 0.551000
2372 0.515000
2373 0.474000
2374 0.548000
2375 0.501000
2376 0.503000
2377 0.502000
2378 0.510000
2379 0.515000
2380 0.472000
2381 0.469000
2382 0.523000
2383 0.521000
2384 0.469000
2385 0.599000
2386 0.539000
2387 0.554000
2388 0.587000
2389 0.522000
2390 0.549000
2391 0.553000
2392 0.617000
2393 0.603000
2394 0.525000
2395 0.526000
2396 0.517000
2397 0.477000
2398 0.525000
2399 0.524000
2400 0.497000
2401 2.382000
2402 1.410000
2403 0.422000
2404 0.691000
2405 0.768000
2406 0.918000
2407 1.556000
2408 1.118000
2409 1.234000
2410 1.326000
2411 1.469000
2412 1.636000
2413 1.723000
2414 1.856000
2415 1.383000
2416 1.515000
2417 1.612000
2418 1.176000
2419 1.225000
2420 1.941000
2421 1.538000
2422 1.627000
2423 1.758000
2424 1.891000
2425 2.009000
2426 2.121000
2427 2.212000
2428 1.777000
2429 1.269000
2430 0.407000
2431 0.618000
2432 0.617000
2433 0.499000
2434 0.468000
2435 0.627000
2436 0.502000
2437 0.472000
2438 0.465000
2439 0.497000
2440 0.537000
2441 0.518000
2442 0.448000
2443 0.452000
2444 0.500000
2445 0.472000
2446 0.484000
2447 0.481000
2448 0.454000
2449 0.509000
2450 0.512000
2451 0.480000
2452 0.496000
2453 0.543000
2454 0.507000
2455 0.442000
2456 0.562000
2457 0.573000
2458 0.550000
2459 0.482000
2460 0.526000
2461 0.500000
2462 0.501000
2463 0.518000
2464 0.523000
2465 0.525000
2466 0.512000
2467 0.636000
2468 0.528000
2469 0.530000
2470 0.572000
2471 0.563000
2472 0.483000
2473 0.555000
2474 0.486000
2475 0.575000
2476 0.598000
2477 0.502000
2478 0.513000
2479 0.606000
2480 0.574000
2481 0.481000
2482 0.520000
2483 0.529000
2484 0.560000
2485 0.565000
2486 0.545000
2487 0.505000
2488 0.504000
2489 0.576000
2490 0.549000
2491 0.488000
2492 0.496000
2493 0.511000
2494 0.503000
2495 0.507000
2496 0.589000
2497 0.576000
2498 0.464000
2499 0.489000
2500 0.504000
2501 0.594000
2502 3.758000
2503 2.759000
2504 1.765000
2505 1.899000
2506 0.908000
2507 0.631000
2508 1.002000
2509 1.013000
2510 0.685000
2511 0.764000
2512 0.948000
2513 1.034000
2514 1.144000
2515 1.269000
2516 1.373000
2517 1.501000
2518 1.564000
2519 1.077000
2520 1.214000
2521 1.350000
2522 1.426000
2523 0.426000
2524 0.504000
2525 0.505000
2526 3.849000
2527 2.863000
2528 1.876000
2529 0.888000
2530 2.560000
2531 1.573000
2532 0.585000
2533 3.220000
2534 2.234000
2535 1.244000
2536 0.469000
2537 0.457000
2538 0.378000
2539 0.467000
2540 0.419000
2541 0.469000
2542 0.419000
2543 0.413000
2544 0.423000
2545 0.378000
2546 0.363000
2547 0.420000
2548 0.425000
2549 0.418000
2550 0.423000
2551 0.361000
2552 0.428000
2553 0.388000
2554 0.461000
2555 0.400000
2556 0.375000
2557 0.419000
2558 0.385000
2559 0.400000
2560 0.460000
2561 0.387000
2562 0.384000
2563 0.490000
2564 0.419000
2565 0.424000
2566 0.384000
2567 0.464000
2568 0.417000
2569 0.389000
2570 0.387000
2571 0.400000
2572 0.423000
2573 0.419000
2574 0.423000
2575 0.419000
2576 0.422000
2577 0.380000
2578 0.390000
2579 0.401000
2580 0.385000
2581 0.424000
2582 0.422000
2583 0.400000
2584 0.504000
2585 0.383000
2586 0.390000
2587 0.435000
2588 0.463000
2589 0.394000
2590 0.418000
2591 0.466000
2592 0.423000
2593 0.385000
2594 0.468000
2595 0.422000
2596 0.424000
2597 0.418000
2598 0.390000
2599 0.467000
2600 0.424000
2601 0.490000
2602 3.352000
2603 3.611000
2604 2.625000
2605 2.135000
2606 2.224000
2607 2.298000
2608 2.418000
2609 2.519000
2610 2.048000
2611 2.162000
2612 2.315000
2613 2.364000
2614 3.005000
2615 3.083000
2616 3.160000
2617 3.309000
2618 2.846000
2619 2.966000
2620 3.028000
2621 2.665000
2622 2.740000
2623 2.823000
2624 2.957000
2625 3.084000
2626 3.205000
2627 3.309000
2628 3.067000
2629 2.080000
2630 1.092000
2631 0.464000
2632 0.449000
2633 0.458000
2634 0.467000
2635 0.388000
2636 0.394000
2637 0.406000
2638 0.413000
2639 0.430000
2640 0.434000
2641 0.433000
2642 0.440000
2643 0.433000
2644 0.473000
2645 0.483000
2646 0.478000
2647 0.469000
2648 0.465000
2649 0.475000
2650 0.406000
2651 0.411000
2652 0.466000
2653 0.440000
2654 0.526000
2655 0.444000
2656 0.448000
2657 0.439000
2658 0.442000
2659 0.373000
2660 0.471000
2661 0.473000
2662 0.404000
2663 0.400000
2664 0.461000
2665 0.421000
2666 0.429000
2667 0.453000
2668 0.425000
2669 0.432000
2670 0.471000
2671 0.369000
2672 0.458000
2673 0.449000
2674 0.422000
2675 0.380000
2676 0.434000
2677 0.479000
2678 0.418000
2679 0.410000
2680 0.475000
2681 0.435000
2682 0.415000
2683 0.416000
2684 0.456000
2685 0.497000
2686 0.505000
2687 0.357000
2688 0.438000
2689 0.522000
2690 0.457000
2691 0.420000
2692 0.433000
2693 0.476000
2694 0.424000
2695 0.436000
2696 0.511000
2697 0.471000
2698 0.447000
2699 0.377000
2700 0.462000
2701 0.413000
2702 0.407000
2703 5.364000
2704 4.377000
2705 3.389000
2706 3.494000
2707 3.589000
2708 3.712000
2709 3.219000
2710 3.412000
2711 3.467000
2712 3.600000
2713 3.756000
2714 3.866000
2715 3.980000
2716 4.115000
2717 3.684000
2718 3.824000
2719 3.906000
2720 4.030000
2721 3.598000
2722 3.731000
2723 4.407000
2724 3.950000
2725 4.078000
2726 4.162000
2727 4.341000
2728 3.857000
2729 3.157000
2730 2.170000
2731 1.167000
2732 0.447000
2733 0.490000
2734 0.422000
2735 0.430000
2736 0.417000
2737 0.526000
2738 0.449000
2739 0.460000
2740 0.494000
2741 0.440000
2742 0.496000
2743 0.496000
2744 0.500000
2745 0.518000
2746 0.526000
2747 0.422000
2748 0.438000
2749 0.444000
2750 0.452000
2751 0.464000
2752 0.436000
2753 0.439000
2754 0.442000
2755 0.489000
2756 0.437000
2757 0.397000
2758 0.516000
2759 0.495000
2760 0.424000
2761 0.430000
2762 0.444000
2763 0.454000
2764 0.451000
2765 0.469000
2766 0.435000
2767 0.444000
2768 0.493000
2769 0.424000
2770 0.481000
2771 0.392000
2772 0.405000
2773 0.434000
2774 0.441000
2775 0.440000
2776 0.434000
2777 0.462000
2778 0.446000
2779 0.495000
2780 0.378000
2781 0.427000
2782 0.453000
2783 0.385000
2784 0.503000
2785 0.440000
2786 0.511000
2787 0.419000
2788 0.413000
2789 0.427000
2790 0.527000
2791 0.436000
2792 0.447000
2793 0.428000
2794 0.436000
2795 0.373000
2796 0.425000
2797 0.431000
2798 0.401000
2799 0.410000
2800 0.400000
2801 0.471000
2802 0.428000
2803 0.450000
2804 3.175000
2805 5.756000
2806 4.769000
2807 4.325000
2808 4.377000
2809 4.536000
2810 4.675000
2811 4.787000
2812 4.338000
2813 4.958000
2814 4.543000
2815 4.630000
2816 4.752000
2817 4.872000
2818 4.996000
2819 4.554000
2820 5.195000
2821 4.798000
2822 4.915000
2823 5.029000
2824 5.130000
2825 5.220000
2826 5.351000
2827 5.503000
2828 5.058000
2829 4.477000
2830 3.491000
2831 2.502000
2832 1.514000
2833 0.525000
2834 0.422000
2835 0.427000
2836 0.450000
2837 0.455000
2838 0.461000
2839 0.473000
2840 0.439000
2841 0.504000
2842 0.379000
2843 0.503000
2844 0.387000
2845 0.385000
2846 0.477000
2847 0.400000
2848 0.398000
2849 0.425000
2850 0.422000
2851 0.439000
2852 0.437000
2853 0.464000
2854 0.452000
2855 0.433000
2856 0.473000
2857 0.424000
2858 0.472000
2859 0.393000
2860 0.384000
2861 0.444000
2862 0.398000
2863 0.521000
2864 0.420000
2865 0.396000
2866 0.441000
2867 0.435000
2868 0.444000
2869 0.433000
2870 0.465000
2871 0.474000
2872 0.449000
2873 0.434000
2874 0.504000
2875 0.405000
2876 0.399000
2877 0.412000
2878 0.511000
2879 0.435000
2880 0.443000
2881 0.499000
2882 0.467000
2883 0.438000
2884 0.369000
2885 0.451000
2886 0.393000
2887 0.514000
2888 0.524000
2889 0.530000
2890 0.505000
2891 0.440000
2892 0.449000
2893 0.434000
2894 0.455000
2895 0.437000
2896 0.455000
2897 0.481000
2898 0.448000
2899 0.472000
2900 0.427000
2901 0.380000
2902 0.461000
2903 0.460000
2904 0.462000
2905 7.103000
2906 6.119000
2907 5.130000
2908 5.189000
2909 5.343000
2910 5.515000
2911 5.567000
2912 5.180000
2913 5.303000
2914 5.388000
2915 5.487000
2916 5.620000
2917 5.129000
2918 5.878000
2919 5.994000
2920 6.104000
2921 6.194000
2922 6.348000
2923 5.907000
2924 6.023000
2925 6.098000
2926 6.280000
2927 5.829000
2928 6.008000
2929 5.021000
2930 4.033000
2931 3.043000
2932 2.055000
2933 1.066000
2934 0.549000
2935 0.525000
2936 0.450000
2937 0.411000
2938 0.455000
2939 0.451000
2940 0.497000
2941 0.376000
2942 0.506000
2943 0.422000
2944 0.419000
2945 0.514000
2946 0.507000
2947 0.675000
2948 0.461000
2949 0.502000
2950 0.594000
2951 0.652000
2952 0.471000
2953 0.622000
2954 0.526000
2955 0.502000
2956 0.463000
2957 0.500000
2958 0.462000
2959 0.461000
2960 0.541000
2961 0.586000
2962 0.544000
2963 0.497000
2964 0.500000
2965 0.503000
2966 0.503000
2967 0.510000
2968 0.527000
2969 0.509000
2970 0.398000
2971 0.497000
2972 0.385000
2973 0.422000
2974 0.464000
2975 0.418000
2976 0.509000
2977 0.417000
2978 0.510000
2979 0.418000
2980 0.504000
2981 0.458000
2982 0.426000
2983 0.496000
2984 0.422000
2985 0.466000
2986 0.403000
2987 0.524000
2988 0.389000
2989 0.386000
2990 0.464000
2991 0.424000
2992 0.509000
2993 0.422000
2994 0.499000
2995 0.424000
2996 0.502000
2997 0.390000
2998 0.418000
2999 0.420000
3000 0.420000
3001 0.532000
3002 0.461000
3003 0.423000
3004 0.385000
3005 7.901000
3006 6.899000
3007 6.395000
3008 6.530000
3009 6.122000
3010 6.245000
3011 6.416000
3012 6.476000
3013 6.613000
3014 6.167000
3015 6.322000
3016 6.358000
3017 6.465000
3018 6.655000
3019 6.757000
3020 6.905000
3021 7.005000
3022 7.116000
3023 6.605000
3024 6.790000
3025 6.930000
3026 6.987000
3027 6.822000
3028 5.835000
3029 4.845000
3030 3.856000
3031 2.867000
3032 1.878000
3033 0.887000
3034 0.475000
3035 0.505000
3036 0.391000
3037 0.382000
3038 0.445000
3039 0.505000
3040 0.441000
3041 0.447000
3042 0.472000
3043 0.423000
3044 0.511000
3045 0.451000
3046 0.427000
3047 0.503000
3048 0.453000
3049 0.435000
3050 0.453000
3051 0.459000
3052 0.506000
3053 0.421000
3054 0.472000
3055 0.426000
3056 0.435000
3057 0.489000
3058 0.456000
3059 0.504000
3060 0.428000
3061 0.439000
3062 0.492000
3063 0.438000
3064 0.469000
3065 0.438000
3066 0.447000
3067 0.503000
3068 0.430000
3069 0.494000
3070 0.384000
3071 0.510000
3072 0.404000
3073 0.414000
3074 0.397000
3075 0.426000
3076 0.450000
3077 0.449000
3078 0.429000
3079 0.473000
3080 0.443000
3081 0.456000
3082 0.416000
3083 0.429000
3084 0.465000
3085 0.419000
3086 0.497000
3087 0.444000
3088 0.444000
3089 0.498000
3090 0.419000
3091 0.433000
3092 0.454000
3093 0.449000
3094 0.420000
3095 0.428000
3096 0.492000
3097 0.448000
3098 0.419000
3099 0.532000
3100 0.499000
3101 0.434000
3102 0.431000
3103 0.487000
3104 0.456000
3105 0.505000
3106 9.089000
3107 8.103000
3108 7.115000
3109 7.167000
3110 7.358000
3111 6.900000
3112 7.014000
3113 7.709000
3114 7.274000
3115 7.395000
3116 7.480000
3117 7.617000
3118 7.728000
3119 7.245000
3120 7.423000
3121 7.530000
3122 7.667000
3123 7.135000
3124 7.272000
3125 7.380000
3126 8.047000
3127 7.628000
3128 7.126000
3129 6.139000
3130 5.150000
3131 4.161000
3132 3.173000
3133 2.184000
3134 1.195000
3135 0.502000
3136 0.467000
3137 0.457000
3138 0.444000
3139 0.499000
3140 0.461000
3141 0.433000
3142 0.406000
3143 0.493000
3144 0.465000
3145 0.439000
3146 0.440000
3147 0.503000
3148 0.458000
3149 0.460000
3150 0.521000
3151 0.384000
3152 0.416000
3153 0.500000
3154 0.405000
3155 0.497000
3156 0.422000
3157 0.422000
3158 0.434000
3159 0.417000
3160 0.441000
3161 0.460000
3162 0.424000
3163 0.416000
3164 0.444000
3165 0.375000
3166 0.381000
3167 0.355000
3168 0.468000
3169 0.390000
3170 0.375000
3171 0.424000
3172 0.423000
3173 0.389000
3174 0.373000
3175 0.454000
3176 0.385000
3177 0.463000
3178 0.374000
3179 0.366000
3180 0.384000
3181 0.369000
3182 0.378000
3183 0.415000
3184 0.386000
3185 0.419000
3186 0.363000
3187 0.372000
3188 0.422000
3189 0.355000
3190 0.410000
3191 0.373000
3192 0.463000
3193 0.380000
3194 0.372000
3195 0.425000
3196 0.384000
3197 0.406000
3198 0.381000
3199 0.314000
3200 0.422000
3201 0.357000
3202 0.433000
3203 0.305000
3204 0.341000
3205 0.442000
3206 0.405000
3207 4.694000
3208 9.113000
3209 8.127000
3210 8.123000
3211 7.771000
3212 8.447000
3213 7.971000
3214 8.112000
3215 8.218000
3216 8.358000
3217 8.452000
3218 8.023000
3219 8.133000
3220 8.256000
3221 8.404000
3222 7.927000
3223 8.127000
3224 8.148000
3225 8.853000
3226 8.405000
3227 8.519000
3228 8.312000
3229 7.325000
3230 6.335000
3231 5.345000
3232 4.347000
3233 3.358000
3234 2.359000
3235 1.371000
3236 0.419000
3237 0.368000
3238 0.373000
3239 0.358000
3240 0.302000
3241 0.420000
3242 0.426000
3243 0.398000
3244 0.340000
3245 0.420000
3246 0.378000
3247 0.376000
3248 0.440000
3249 0.437000
3250 0.366000
3251 0.353000
3252 0.343000
3253 0.391000
3254 0.320000
3255 0.368000
3256 0.423000
3257 0.387000
3258 0.351000
3259 0.361000
3260 0.353000
3261 0.365000
3262 0.390000
3263 0.369000
3264 0.347000
3265 0.375000
3266 0.352000
3267 0.414000
3268 0.309000
3269 0.338000
3270 0.348000
3271 0.352000
3272 0.417000
3273 0.367000
3274 0.365000
3275 0.390000
3276 0.348000
3277 0.458000
3278 0.426000
3279 0.436000
3280 0.444000
3281 0.455000
3282 0.468000
3283 0.448000
3284 0.461000
3285 0.472000
3286 0.482000
3287 0.416000
3288 0.383000
3289 0.440000
3290 0.407000
3291 0.490000
3292 0.410000
3293 0.418000
3294 0.434000
3295 0.436000
3296 0.433000
3297 0.392000
3298 0.437000
3299 0.444000
3300 0.387000
3301 0.494000
3302 0.424000
3303 0.482000
3304 0.479000
3305 0.480000
3306 0.522000
3307 0.486000
3308 10.293000
3309 9.308000
3310 8.870000
3311 8.932000
3312 8.568000
3313 8.671000
3314 8.804000
3315 8.352000
3316 8.997000
3317 9.141000
3318 9.289000
3319 8.858000
3320 8.965000
3321 9.081000
3322 8.653000
3323 8.754000
3324 8.890000
3325 8.985000
3326 9.110000
3327 9.259000
3328 8.803000
3329 7.817000
3330 6.828000
3331 5.840000
3332 4.850000
3333 3.861000
3334 2.873000
3335 1.885000
3336 0.895000
3337 0.434000
3338 0.410000
3339 0.418000
3340 0.423000
3341 0.380000
3342 0.470000
3343 0.420000
3344 0.383000
3345 0.462000
3346 0.394000
3347 0.420000
3348 0.391000
3349 0.420000
3350 0.422000
3351 0.423000
3352 0.417000
3353 0.425000
3354 0.474000
3355 0.417000
3356 0.392000
3357 0.489000
3358 0.423000
3359 0.417000
3360 0.394000
3361 0.458000
3362 0.389000
3363 0.385000
3364 0.424000
3365 0.421000
3366 0.422000
3367 0.417000
3368 0.383000
3369 0.391000
3370 0.462000
3371 0.385000
3372 0.389000
3373 0.456000
3374 0.424000
3375 0.421000
3376 0.375000
3377 0.422000
3378 0.425000
3379 0.422000
3380 0.390000
3381 0.488000
3382 0.385000
3383 0.495000
3384 0.417000
3385 0.417000
3386 0.392000
3387 0.417000
3388 0.425000
3389 0.420000
3390 0.421000
3391 0.390000
3392 0.424000
3393 0.419000
3394 0.463000
3395 0.387000
3396 0.425000
3397 0.487000
3398 0.424000
3399 0.420000
3400 0.424000
3401 0.458000
3402 0.390000
3403 0.417000
3404 0.466000
3405 0.459000
3406 0.453000
3407 0.493000
3408 0.505000
3409 10.467000
3410 10.048000
3411 10.173000
3412 9.753000
3413 9.904000
3414 9.955000
3415 9.568000
3416 10.246000
3417 9.795000
3418 9.930000
3419 9.997000
3420 10.144000
3421 9.703000
3422 10.385000
3423 9.971000
3424 10.608000
3425 10.171000
3426 10.299000
3427 10.416000
3428 9.833000
3429 8.847000
3430 7.857000
3431 6.869000
3432 5.879000
3433 4.891000
3434 3.902000
3435 2.911000
3436 1.922000
3437 0.934000
3438 0.455000
3439 0.465000
3440 0.431000
3441 0.426000
3442 0.446000
3443 0.456000
3444 0.417000
3445 0.412000
3446 0.442000
3447 0.447000
3448 0.421000
3449 0.389000
3450 0.459000
3451 0.405000
3452 0.477000
3453 0.450000
3454 0.423000
3455 0.439000
3456 0.522000
3457 0.534000
3458 0.457000
3459 0.458000
3460 0.439000
3461 0.415000
3462 0.454000
3463 0.512000
3464 0.460000
3465 0.416000
3466 0.428000
3467 0.514000
3468 0.530000
3469 0.413000
3470 0.408000
3471 0.437000
3472 0.447000
3473 0.425000
3474 0.509000
3475 0.475000
3476 0.452000
3477 0.414000
3478 0.477000
3479 0.460000
3480 0.414000
3481 0.423000
3482 0.513000
3483 0.445000
3484 0.414000
3485 0.391000
3486 0.477000
3487 0.427000
3488 0.427000
3489 0.375000
3490 0.450000
3491 0.437000
3492 0.411000
3493 0.364000
3494 0.432000
3495 0.431000
3496 0.430000
3497 0.440000
3498 0.432000
3499 0.474000
3500 0.435000
3501 0.375000
3502 0.415000
3503 0.457000
3504 0.416000
3505 0.384000
3506 0.460000
3507 0.392000
3508 0.362000
3509 0.483000
3510 11.953000
3511 10.966000
3512 9.976000
3513 10.020000
3514 10.143000
3515 10.294000
3516 10.395000
3517 9.930000
3518 10.088000
3519 10.159000
3520 10.287000
3521 10.435000
3522 10.569000
3523 10.103000
3524 10.791000
3525 10.352000
3526 10.484000
3527 10.537000
3528 10.706000
3529 9.929000
3530 8.943000
3531 7.953000
3532 6.965000
3533 5.975000
3534 4.987000
3535 3.997000
3536 3.006000
3537 2.013000
3538 1.011000
3539 0.633000
3540 0.605000
3541 0.517000
3542 0.446000
3543 0.367000
3544 0.401000
3545 0.381000
3546 0.373000
3547 0.461000
3548 0.394000
3549 0.404000
3550 0.399000
3551 0.539000
3552 0.426000
3553 0.400000
3554 0.505000
3555 0.593000
3556 0.468000
3557 0.644000
3558 0.481000
3559 0.618000
3560 0.491000
3561 0.459000
3562 0.447000
3563 0.587000
3564 0.396000
3565 0.530000
3566 0.429000
3567 0.424000
3568 0.506000
3569 0.567000
3570 0.430000
3571 0.465000
3572 0.472000
3573 0.436000
3574 0.384000
3575 0.376000
3576 0.466000
3577 0.421000
3578 0.364000
3579 0.430000
3580 0.398000
3581 0.407000
3582 0.458000
3583 0.431000
3584 0.439000
3585 0.447000
3586 0.497000
3587 0.434000
3588 0.428000
3589 0.402000
3590 0.339000
3591 0.383000
3592 0.395000
3593 0.403000
3594 0.395000
3595 0.424000
3596 0.415000
3597 0.518000
3598 0.451000
3599 0.430000
3600 0.395000
3601 0.407000
3602 0.451000
3603 0.420000
3604 0.424000
3605 0.492000
3606 0.386000
3607 0.399000
3608 0.408000
3609 0.458000
3610 0.397000
3611 10.732000
3612 11.776000
3613 11.320000
3614 10.899000
3615 10.950000
3616 11.099000
3617 11.230000
3618 10.801000
3619 10.950000
3620 11.060000
3621 11.190000
3622 11.319000
3623 11.437000
3624 11.589000
3625 11.651000
3626 11.788000
3627 11.336000
3628 11.473000
3629 11.125000
3630 10.136000
3631 9.146000
3632 8.156000
3633 7.167000
3634 6.176000
3635 5.188000
3636 4.198000
3637 3.208000
3638 2.218000
3639 1.231000
3640 0.474000
3641 0.460000
3642 0.510000
3643 0.458000
3644 0.454000
3645 0.459000
3646 0.487000
3647 0.455000
3648 0.508000
3649 0.458000
3650 0.462000
3651 0.423000
3652 0.454000
3653 0.501000
3654 0.422000
3655 0.400000
3656 0.469000
3657 0.459000
3658 0.498000
3659 0.458000
3660 0.543000
3661 0.463000
3662 0.445000
3663 0.387000
3664 0.475000
3665 0.509000
3666 0.457000
3667 0.485000
3668 0.465000
3669 0.412000
3670 0.420000
3671 0.430000
3672 0.441000
3673 0.447000
3674 0.453000
3675 0.460000
3676 0.478000
3677 0.480000
3678 0.445000
3679 0.401000
3680 0.492000
3681 0.403000
3682 0.406000
3683 0.476000
3684 0.429000
3685 0.433000
3686 0.447000
3687 0.429000
3688 0.468000
3689 0.433000
3690 0.436000
3691 0.477000
3692 0.452000
3693 0.505000
3694 0.395000
3695 0.388000
3696 0.492000
3697 0.418000
3698 0.435000
3699 0.395000
3700 0.436000
3701 0.470000
3702 0.423000
3703 0.468000
3704 0.438000
3705 0.497000
3706 0.458000
3707 0.328000
3708 0.490000
3709 0.395000
3710 0.512000
3711 0.364000
3712 10.168000
3713 12.444000
3714 11.458000
3715 11.041000
3716 11.658000
3717 11.824000
3718 11.939000
3719 12.027000
3720 11.632000
3721 11.738000
3722 11.869000
3723 11.978000
3724 11.549000
3725 11.692000
3726 11.776000
3727 11.898000
3728 11.980000
3729 12.119000
3730 11.132000
3731 10.142000
3732 9.156000
3733 8.166000
3734 7.178000
3735 6.189000
3736 5.203000
3737 4.213000
3738 3.225000
3739 2.236000
3740 1.250000
3741 0.468000
3742 0.472000
3743 0.488000
3744 0.460000
3745 0.459000
3746 0.459000
3747 0.423000
3748 0.475000
3749 0.408000
3750 0.538000
3751 0.530000
3752 0.441000
3753 0.572000
3754 0.459000
3755 0.466000
3756 0.601000
3757 0.484000
3758 0.575000
3759 0.635000
3760 0.516000
3761 0.511000
3762 0.551000
3763 0.474000
3764 0.507000
3765 0.508000
3766 0.509000
3767 0.591000
3768 0.628000
3769 0.506000
3770 0.699000
3771 0.513000
3772 0.517000
3773 0.583000
3774 0.460000
3775 0.476000
3776 0.511000
3777 0.513000
3778 0.584000
3779 0.389000
3780 0.474000
3781 0.513000
3782 0.490000
3783 0.570000
3784 0.624000
3785 0.633000
3786 0.575000
3787 0.477000
3788 0.510000
3789 0.508000
3790 0.508000
3791 0.418000
3792 0.500000
3793 0.454000
3794 0.400000
3795 0.480000
3796 0.411000
3797 0.488000
3798 0.452000
3799 0.444000
3800 0.433000
3801 0.372000
3802 0.467000
3803 0.456000
3804 0.412000
3805 0.463000
3806 0.464000
3807 0.490000
3808 0.391000
3809 0.500000
3810 0.444000
3811 0.386000
3812 12.383000
3813 13.015000
3814 12.523000
3815 12.100000
3816 12.163000
3817 12.303000
3818 12.443000
3819 12.583000
3820 12.144000
3821 12.259000
3822 12.353000
3823 11.932000
3824 12.048000
3825 12.152000
3826 12.272000
3827 12.387000
3828 13.069000
3829 12.634000
3830 11.647000
3831 10.659000
3832 9.669000
3833 8.681000
3834 7.692000
3835 6.703000
3836 5.714000
3837 4.726000
3838 3.737000
3839 2.748000
3840 1.758000
3841 0.770000
3842 0.448000
3843 0.497000
3844 0.474000
3845 0.488000
3846 0.403000
3847 0.411000
3848 0.513000
3849 0.530000
3850 0.557000
3851 0.521000
3852 0.436000
3853 0.473000
3854 0.482000
3855 0.482000
3856 0.420000
3857 0.462000
3858 0.475000
3859 0.403000
3860 0.393000
3861 0.515000
3862 0.504000
3863 0.437000
3864 0.447000
3865 0.459000
3866 0.425000
3867 0.479000
3868 0.476000
3869 0.452000
3870 0.509000
3871 0.396000
3872 0.405000
3873 0.495000
3874 0.432000
3875 0.507000
3876 0.442000
3877 0.530000
3878 0.473000
3879 0.439000
3880 0.487000
3881 0.454000
3882 0.452000
3883 0.480000
3884 0.424000
3885 0.478000
3886 0.445000
3887 0.531000
3888 0.414000
3889 0.435000
3890 0.447000
3891 0.422000
3892 0.376000
3893 0.425000
3894 0.468000
3895 0.410000
3896 0.503000
3897 0.467000
3898 0.385000
3899 0.504000
3900 0.424000
3901 0.400000
3902 0.487000
3903 0.422000
3904 0.428000
3905 0.449000
3906 0.522000
3907 0.466000
3908 0.456000
3909 0.433000
3910 0.496000
3911 0.454000
3912 0.450000
3913 0.503000








3922 65.049004
3923 64.061996
3924 63.074001
3925 62.083000
3926 61.095001
3927 60.105000
3928 59.117001
3929 58.126999
3930 57.146999
3931 56.157001
3932 55.167999
3933 54.178001
3934 53.189999
3935 52.202000
3936 51.212002
3937 50.223000
3938 49.234001
3939 48.244999
3940 47.255001
3941 46.252998
3942 45.263000
3943 44.273998
3944 43.283001
3945 42.293999
3946 41.306999
3947 40.320999
3948 39.333000
3949 38.342999
3950 37.355000
3951 36.368999
3952 35.367001
3953 34.377998
3954 33.361000
3955 32.372002
3956 31.385000
3957 30.396000
3958 29.409000
3959 28.419001
3960 27.431999
3961 26.445000
3962 25.459999
3963 24.469999
3964 23.475000
3965 22.469999
3966 21.482000
3967 20.495001
3968 19.507000
3969 18.511000
3970 17.521000
3971 16.534000
3972 15.547000
3973 14.562000
3974 13.576000
3975 12.582000
3976 11.585000
3977 10.598000
3978 9.612000
3979 8.623000
3980 7.633000
3981 6.643000
3982 5.656000
3983 4.650000
3984 3.591000
3985 2.692000
3986 1.704000
3987 1.067000
3988 1.227000
3989 1.249000
3990 1.302000
3991 1.214000
3992 1.173000
3993 1.084000
3994 1.258000
3995 1.247000
3996 1.097000
3997 1.123000
3998 1.138000
3999 1.163000
4000 1.188000
4001 1.133000
4002 1.062000
4003 1.145000
4004 1.097000
4005 1.129000
4006 1.098000
4007 1.054000
4008 1.063000
4009 1.044000
4010 1.006000
4011 0.895000
4012 1.010000
4013 1.015000
4014 0.985000
4015 1.048000
4016 1.101000
4017 1.144000
4018 1.042000
4019 0.964000
4020 1.051000
4021 1.006000
4022 0.979000
4023 0.991000
4024 1.026000
4025 1.036000
4026 0.954000
4027 0.965000
4028 1.046000
4029 1.096000
4030 1.022000
4031 0.973000
4032 0.947000
4033 1.083000
4034 1.018000
4035 1.014000
4036 0.945000
4037 0.993000
4038 1.013000
4039 0.945000
4040 1.067000
4041 1.012000
4042 0.941000
4043 0.929000
4044 0.987000
4045 0.958000
4046 1.042000
4047 0.946000
4048 0.977000
4049 1.061000
4050 0.901000
4051 0.945000
4052 1.020000
4053 1.052000
4054 0.871000
4055 0.968000
4056 1.032000
4057 1.022000
4058 0.967000
4059 0.970000
4060 1.053000
4061 1.065000
4062 0.959000
4063 0.912000
4064 1.064000
4065 0.947000
4066 1.016000
4067 0.955000
4068 1.169000
4069 1.047000
4070 0.973000
4071 0.988000
4072 1.142000
4073 1.005000
4074 1.002000
4075 0.944000
4076 1.047000
4077 1.047000
4078 1.029000
4079 0.958000
4080 1.096000
4081 1.086000
4082 0.974000
4083 0.992000
4084 1.125000
4085 1.042000
4086 0.976000
4087 0.929000
4088 0.969000
4089 1.044000
4090 1.078000
4091 0.945000
4092 0.935000
4093 1.058000
4094 1.099000
4095 1.003000
4096 0.974000
4097 1.091000
4098 1.082000
4099 1.008000
4100 1.008000
4101 1.043000
4102 1.031000
4103 1.000000
4104 0.951000
4105 1.006000
4106 1.042000
4107 0.940000
4108 1.016000
4109 1.002000
4110 0.940000
4111 1.031000
4112 1.025000
4113 1.017000
4114 0.964000
4115 0.939000
4116 0.951000
4117 0.921000
4118 0.954000
4119 1.001000
4120 0.955000
4121 1.079000
4122 0.996000
4123 1.085000
4124 0.988000
4125 1.108000
4126 1.181000
4127 1.118000
4128 1.043000
4129 1.107000
4130 1.003000
4131 1.007000
4132 1.005000
4133 1.035000
4134 1.100000
4135 1.028000
4136 1.033000
4137 0.901000
4138 1.110000
4139 0.986000
4140 0.999000
4141 1.077000
4142 1.022000
4143 0.982000
4144 1.090000
4145 1.083000
4146 1.014000
4147 1.073000
4148 1.029000
4149 1.113000
4150 1.095000
4151 1.007000
4152 1.030000
4153 1.084000
4154 1.093000
4155 1.051000
4156 1.059000
4157 1.045000
4158 1.025000
4159 0.960000
4160 1.071000
4161 1.070000
4162 1.033000
4163 0.969000
4164 0.870000
4165 1.085000
4166 1.087000
4167 0.915000
4168 1.001000
4169 1.066000
4170 1.134000
4171 1.086000
4172 1.082000
4173 1.109000
4174 1.116000
4175 1.109000
4176 1.040000
4177 1.088000
4178 1.049000
4179 1.009000
4180 1.094000
4181 1.082000
4182 1.028000
4183 0.956000
4184 1.075000
4185 1.013000
4186 1.015000
4187 1.093000
4188 1.010000
4189 1.013000
4190 1.077000
4191 1.077000
4192 1.037000
4193 1.025000
4194 1.017000
4195 1.062000
4196 1.012000
4197 1.120000
4198 1.114000
4199 1.083000
4200 1.068000
4201 1.017000
4202 1.054000
4203 0.979000
4204 1.047000
4205 1.072000
4206 1.063000
4207 1.046000
4208 0.937000
4209 1.047000
4210 1.057000
4211 0.969000
4212 0.956000
4213 1.085000
4214 1.018000
4215 1.046000
4216 0.989000
4217 1.120000
4218 1.077000
4219 1.053000
4220 0.992000
4221 1.115000
4222 1.107000
4223 1.017000
4224 0.950000
4225 1.165000
4226 1.132000
4227 1.127000
4228 1.110000
4229 0.978000
4230 1.031000
4231 1.058000
4232 1.019000
4233 1.137000
4234 1.102000
4235 1.107000
4236 1.106000
4237 1.049000
4238 1.023000
4239 0.996000
4240 0.978000
4241 0.940000
4242 1.053000
4243 1.105000
4244 1.021000
4245 1.061000
4246 0.961000
4247 1.083000
4248 1.003000
4249 1.100000
4250 1.022000
4251 1.021000
4252 1.017000
4253 1.027000
4254 1.063000
4255 1.113000
4256 1.077000
4257 1.179000
4258 1.127000
4259 1.203000
4260 0.961000
4261 1.076000
4262 0.989000
4263 1.026000
4264 0.841000
4265 0.999000
4266 1.098000
4267 1.102000
4268 1.029000
4269 0.859000
4270 1.086000
4271 1.127000
4272 1.014000
4273 0.996000
4274 1.076000
4275 1.078000
4276 1.065000
4277 1.045000
4278 1.079000
4279 1.018000
4280 1.040000
4281 1.090000
4282 1.053000
4283 1.061000
4284 1.074000
4285 0.949000
4286 1.091000
4287 1.061000
4288 1.001000
4289 1.009000
4290 1.010000
4291 0.973000
4292 1.086000
4293 1.012000
4294 1.071000
4295 1.010000
4296 1.024000
4297 1.036000
4298 1.119000
4299 1.100000
4300 1.033000
4301 0.979000
4302 1.068000
4303 1.111000
4304 0.926000
4305 1.033000
4306 1.101000
4307 1.083000
4308 1.057000
4309 1.035000
4310 1.130000
4311 1.135000
4312 1.017000
4313 1.079000
4314 1.071000
4315 1.067000
4316 1.029000
4317 1.112000
4318 1.122000
4319 1.147000
4320 1.063000
4321 1.093000
4322 1.099000
4323 1.098000
4324 1.097000
4325 1.007000
4326 1.045000
4327 1.059000
4328 1.037000
4329 0.996000
4330 1.002000
4331 1.108000
4332 1.081000
4333 1.026000
4334 0.978000
4335 0.969000
4336 1.052000
4337 0.986000
4338 1.054000
4339 0.935000
4340 1.035000
4341 1.093000
4342 1.017000
4343 1.050000
4344 0.944000
4345 1.016000
4346 1.057000
4347 1.031000
4348 1.035000
4349 0.989000
4350 1.011000
4351 0.997000
4352 0.936000
4353 0.927000
4354 1.026000
4355 1.030000
4356 0.991000
4357 0.998000
4358 1.116000
4359 0.978000
4360 1.024000
4361 0.976000
4362 0.994000
4363 1.030000
4364 0.956000
4365 0.947000
4366 0.947000
4367 0.949000
4368 1.034000
4369 0.999000
4370 0.968000
4371 1.066000
4372 1.004000
4373 0.964000
4374 0.979000
4375 1.114000
4376 1.006000
4377 0.977000
4378 0.975000
4379 1.034000
4380 0.967000
4381 1.035000
4382 0.964000
4383 1.020000
4384 1.008000
4385 1.011000
4386 1.034000
4387 0.988000
4388 0.985000
4389 0.918000
4390 0.983000
4391 0.966000
4392 1.009000
4393 0.958000
4394 1.021000
4395 1.060000
4396 0.989000
4397 1.009000
4398 0.987000
4399 1.050000
4400 0.983000
4401 0.935000
4402 0.997000
4403 1.009000
4404 1.014000
4405 1.032000
4406 0.978000
4407 1.069000
4408 1.066000
4409 0.977000
4410 1.038000
4411 1.061000
4412 0.940000
4413 0.976000
4414 0.957000
4415 1.068000
4416 1.025000
4417 0.935000
4418 1.019000
4419 1.105000
4420 1.075000
4421 0.970000
4422 1.021000
4423 1.074000
4424 1.094000
4425 0.974000
4426 0.970000
4427 1.092000
4428 0.940000
4429 0.950000
4430 0.990000
4431 1.030000
4432 1.034000
4433 0.904000
4434 0.988000
4435 0.928000
4436 0.978000
4437 0.911000
4438 0.979000
4439 0.965000
4440 0.987000
4441 1.021000
4442 1.052000
4443 1.006000
4444 1.032000
4445 0.915000
4446 1.022000
4447 1.057000
4448 1.052000
4449 0.981000
4450 1.023000
4451 1.041000
4452 1.033000
4453 1.040000
4454 0.966000
4455 1.006000
4456 0.970000
4457 1.045000
4458 1.056000
4459 1.096000
4460 1.047000
4461 0.995000
4462 1.120000
4463 1.074000
4464 1.033000
4465 1.085000
4466 1.017000
4467 1.087000
4468 1.046000
4469 1.033000
4470 0.946000
4471 1.074000
4472 1.074000
4473 1.054000
4474 1.026000
4475 1.122000
4476 1.100000
4477 1.107000
4478 1.017000
4479 1.052000
4480 1.098000
4481 1.029000
4482 1.068000
4483 1.042000
4484 1.072000
4485 0.999000
4486 0.978000
4487 1.004000
4488 1.044000
4489 1.103000
4490 1.060000
4491 0.977000
4492 1.098000
4493 1.135000
4494 1.086000
4495 0.944000
4496 1.104000
4497 1.055000
4498 1.022000
4499 1.058000
4500 0.948000
4501 1.115000
4502 0.951000
4503 1.007000
4504 1.039000
4505 1.025000
4506 1.058000
4507 1.059000
4508 1.075000
4509 1.082000
4510 1.044000
4511 0.971000
4512 1.077000
4513 0.990000
4514 1.056000
4515 0.990000
4516 0.999000
4517 1.061000
4518 1.027000
4519 1.022000
4520 1.070000
4521 1.062000
4522 0.999000
4523 1.073000
4524 1.080000
4525 1.034000
4526 1.085000
4527 0.990000
4528 1.050000
4529 1.077000
4530 1.040000
4531 1.093000
4532 1.084000
4533 1.083000
4534 1.037000
4535 1.117000
4536 1.094000
4537 1.090000
4538 0.993000
4539 1.055000
4540 1.134000
4541 1.070000
4542 1.056000
4543 0.997000
4544 1.086000
4545 1.154000
4546 1.045000
4547 0.986000
4548 0.987000
4549 1.093000
4550 1.009000
4551 1.095000
4552 1.086000
4553 1.060000
4554 0.939000
4555 1.079000
4556 1.075000
4557 1.053000
4558 1.070000
4559 0.992000
4560 1.047000
4561 1.047000
4562 0.958000
4563 0.999000
4564 1.060000
4565 1.007000
4566 1.029000
4567 1.016000
4568 1.029000
4569 1.069000
4570 0.959000
4571 0.970000
4572 1.029000
4573 1.091000
4574 1.051000
4575 1.074000
4576 1.044000
4577 1.154000
4578 1.055000
4579 1.036000
4580 1.104000
4581 1.018000
4582 0.952000
4583 0.985000
4584 1.090000
4585 1.030000
4586 0.951000
4587 0.986000
4588 1.100000
4589 1.102000
4590 1.079000
4591 1.093000
4592 1.098000
4593 1.114000
4594 1.036000
4595 1.042000
4596 1.072000
4597 1.099000
4598 1.036000
4599 1.026000
4600 1.115000
4601 1.061000
4602 1.038000
4603 0.992000
4604 1.044000
4605 1.125000
4606 1.119000
4607 0.980000
4608 0.931000
4609 0.984000
4610 1.039000
4611 0.947000
4612 1.048000
4613 1.027000
4614 1.099000
4615 1.017000
4616 1.080000
4617 1.066000
4618 0.972000
4619 0.968000
4620 1.000000
4621 1.079000
4622 1.147000
4623 1.054000
4624 1.096000
4625 1.104000
4626 1.157000
4627 1.057000
4628 1.059000
4629 1.180000
4630 1.107000
4631 1.043000
4632 1.010000
4633 1.119000
4634 1.055000
4635 1.022000
4636 1.016000
4637 1.039000
4638 1.082000
4639 0.980000
4640 0.975000
4641 1.085000
4642 1.051000
4643 1.077000
4644 1.108000
4645 1.072000
4646 0.985000
4647 1.050000
4648 1.017000
4649 1.090000
4650 1.097000
4651 0.930000
4652 1.052000
4653 0.983000
4654 1.004000
4655 1.061000
4656 1.009000
4657 1.051000
4658 0.982000
4659 0.996000
4660 1.071000
4661 1.075000
4662 1.087000
4663 1.042000
4664 1.046000
4665 1.077000
4666 1.065000
4667 0.980000
4668 1.084000
4669 1.065000
4670 1.056000
4671 1.069000
4672 1.120000
4673 1.087000
4674 1.016000
4675 1.044000
4676 1.104000
4677 1.081000
4678 1.072000
4679 0.949000
4680 1.097000
4681 1.116000
4682 1.171000
4683 1.019000
4684 1.018000
4685 1.044000
4686 1.040000
4687 1.075000
4688 1.058000
4689 1.091000
4690 1.089000
4691 0.964000
4692 1.032000
4693 1.109000
4694 1.081000
4695 1.047000
4696 1.046000
4697 1.056000
4698 1.018000
4699 0.970000
4700 1.012000
4701 1.047000
4702 1.035000
4703 1.050000
4704 1.044000
4705 1.102000
4706 0.985000
4707 1.022000
4708 0.994000
4709 1.065000
4710 1.084000
4711 1.078000
4712 1.134000
4713 1.098000
4714 1.063000
4715 1.005000
4716 0.982000
4717 1.071000
4718 1.081000
4719 1.077000
4720 1.084000
4721 1.120000
4722 1.098000
4723 1.000000
4724 0.963000
4725 1.045000
4726 1.059000
4727 0.978000
4728 0.999000
4729 1.058000
4730 1.053000
4731 1.056000
4732 1.045000
4733 1.059000
4734 1.017000
4735 1.134000
4736 1.076000
4737 0.977000
4738 1.082000
4739 1.100000
4740 0.985000
4741 1.034000
4742 1.117000
4743 1.119000
4744 1.033000
4745 1.080000
4746 1.084000
4747 1.143000
4748 1.108000
4749 1.054000
4750 1.066000
4751 1.019000
4752 1.025000
4753 1.004000
4754 1.112000
4755 0.993000
4756 0.931000
4757 1.026000
4758 1.013000
4759 0.988000
4760 0.965000
4761 1.080000
4762 1.049000
4763 0.969000
4764 1.022000
4765 1.037000
4766 1.091000
4767 1.047000
4768 0.971000
4769 0.935000
4770 1.103000
4771 1.053000
4772 0.895000
4773 0.990000
4774 1.000000
4775 1.020000
4776 1.023000
4777 1.025000
4778 1.112000
4779 1.025000
4780 1.070000
4781 1.080000
4782 1.084000
4783 1.088000
4784 0.990000
4785 1.049000
4786 1.086000
4787 0.913000
4788 0.941000
4789 1.102000
4790 1.128000
4791 1.086000
4792 1.018000
4793 1.065000
4794 1.007000
4795 1.008000
4796 1.035000
4797 1.141000
4798 1.110000
4799 1.101000
4800 1.056000
4801 1.073000
4802 1.125000
4803 1.084000
4804 1.058000
4805 1.031000
4806 1.086000
4807 1.047000
4808 1.017000
4809 0.997000
4810 1.099000
4811 1.068000
4812 1.100000
4813 1.013000
4814 1.035000
4815 1.062000
4816 1.058000
4817 1.011000
4818 1.142000
4819 1.146000
4820 0.872000
4821 1.041000
4822 1.022000
4823 0.991000
4824 1.074000
4825 1.090000
4826 1.048000
4827 1.093000
4828 1.054000
4829 1.014000
4830 1.014000
4831 1.083000
4832 1.005000
4833 1.072000
4834 1.037000
4835 0.950000
4836 0.987000
4837 1.044000
4838 0.991000
4839 1.025000
4840 1.013000
4841 0.994000
4842 1.082000
4843 1.090000
4844 1.018000
4845 1.080000
4846 1.072000
4847 1.061000
4848 0.988000
4849 0.992000
4850 1.100000
4851 1.038000
4852 0.981000
4853 1.057000
4854 0.997000
4855 1.020000
4856 1.049000
4857 1.041000
4858 0.995000
4859 1.036000
4860 1.067000
4861 0.960000
4862 0.986000
4863 1.099000
4864 1.092000
4865 1.025000
4866 1.036000
4867 0.936000
4868 1.014000
4869 1.016000
4870 1.017000
4871 1.098000
4872 1.033000
4873 0.932000
4874 1.030000
4875 1.040000
4876 0.941000
4877 0.917000
4878 0.927000
4879 1.029000
4880 1.032000
4881 1.001000
4882 0.986000
4883 0.951000
4884 1.030000
4885 1.001000
4886 1.007000
4887 1.062000
4888 1.037000
4889 1.015000
4890 1.015000
4891 1.052000
4892 1.071000
4893 0.860000
4894 1.016000
4895 1.112000
4896 0.993000
4897 1.018000
4898 0.929000
4899 1.003000
4900 0.991000
4901 1.027000
4902 1.018000
4903 1.016000
4904 1.019000
4905 0.999000
4906 0.946000
4907 1.036000
4908 1.027000
4909 0.971000
4910 0.977000
4911 1.018000
4912 1.087000
4913 0.972000
4914 1.028000
4915 1.112000
4916 1.066000
4917 1.070000
4918 1.051000
4919 1.095000
4920 1.015000
4921 1.041000
4922 0.998000
4923 1.013000
4924 0.981000
4925 1.012000
4926 0.943000
4927 1.076000
4928 1.065000
4929 1.040000
4930 1.002000
4931 1.000000
4932 1.007000
4933 1.007000
4934 0.969000
4935 1.092000
4936 1.062000
4937 0.975000
4938 0.967000
4939 1.054000
4940 1.035000
4941 0.914000
4942 0.979000
4943 0.960000
4944 1.137000
4945 0.995000
4946 0.971000
4947 1.005000
4948 1.029000
4949 1.011000
4950 0.930000
4951 0.954000
4952 1.044000
4953 0.955000
4954 0.946000
4955 1.016000
4956 1.078000
4957 0.847000
4958 1.000000
4959 1.018000
4960 1.012000
4961 0.975000
4962 1.020000
4963 0.971000
4964 0.972000
4965 0.950000
4966 0.947000
4967 1.005000
4968 1.033000
4969 1.043000
4970 0.942000
4971 1.027000
4972 0.988000
4973 0.789000
4974 0.758000
4975 0.891000
4976 0.941000
4977 0.988000
4978 0.999000
4979 1.029000
4980 0.947000
4981 0.994000
4982 0.993000
4983 1.003000
4984 0.996000
4985 1.004000
4986 0.903000
4987 0.932000
4988 0.928000
4989 0.852000
4990 0.855000
4991 0.953000
4992 1.044000
4993 0.932000
4994 0.924000
4995 1.053000
4996 1.031000
4997 0.936000
4998 0.930000
4999 1.061000
5000 1.032000
